2.383
1.006
2.354
1.010
2.359
1.022
2.327
1.014
2.338
1.027
2.340
1.026
2.325
1.026
2.325
1.034
2.303
1.029
2.303
1.040
2.300
1.047
2.289
1.051
2.304
1.061
2.283
1.049
2.277
1.053
2.286
1.064
2.259
1.060
2.277
1.088
2.277
1.066
2.253
1.070
2.273
1.077
2.225
1.071
2.249
1.097
2.220
1.085
2.230
1.106
2.224
1.095
2.220
1.109
2.218
1.105
2.198
1.113
2.222
1.117
2.200
1.114
2.185
1.121
2.187
1.137
2.191
1.142
2.172
1.142
2.187
1.150
2.171
1.150
2.177
1.158
2.155
1.154
2.158
1.163
2.165
1.171
2.145
1.172
2.146
1.183
2.133
1.179
2.137
1.179
2.149
1.179
2.112
1.182
2.110
1.208
2.113
1.233
2.158
0.563
3.299
1.092
0.251
0.148
0.134
0.132
0.131
0.131
0.131
0.131
0.131
0.131
0.131
0.131
0.670
1.247
3.299
2.762
2.969
1.493
1.387
0.547
1.080
0.618
1.697
1.040
2.196
3.297
3.299
3.299
3.299
3.299
3.299
2.228
3.137
3.299
3.299
3.299
3.299
3.299
3.299
3.299
3.299
2.883
3.299
3.299
3.299
3.299
3.299
3.299
3.299
3.299
3.299
3.299
3.299
3.182
3.299
2.776
3.299
3.299
3.299
3.299
3.299
3.299
3.299
3.257
3.299
3.299
3.299
