2500 0 0 0 0 0 0 0 1058 1047 1047 1063 1047 1057 1061 1048 
2500 70 0 0 0 0 0 0 1069 1056 1051 1071 1054 1067 1071 1054 
2490 0 0 0 0 0 0 0 1074 1067 1061 1081 1063 1073 1081 1063 
2494 0 0 0 0 0 0 0 1083 1078 1071 1087 1074 1079 1088 1071 
2500 0 0 0 0 0 0 0 1092 1085 1074 1095 1082 1085 1096 1079 
2500 0 0 0 0 0 0 0 1095 1093 1082 1100 1088 1088 1104 1086 
2501 0 0 0 0 0 0 0 1100 1101 1088 1108 1097 1096 1111 1093 
2502 0 0 0 0 0 0 0 1108 1108 1094 1112 1104 1101 1120 1099 
2493 0 0 0 0 0 0 0 1112 1114 1099 1118 1109 1105 1125 1105 
2500 0 0 0 0 0 0 0 1114 1123 1108 1125 1120 1108 1129 1112 
2500 0 0 0 0 0 0 0 1122 1130 1111 1130 1125 1114 1134 1120 
2500 0 0 0 0 0 0 0 1125 1134 1114 1133 1132 1122 1142 1126 
2500 0 0 0 0 0 0 0 1129 1139 1123 1136 1137 1125 1143 1131 
2493 0 0 0 0 0 0 0 1131 1145 1129 1140 1143 1129 1148 1137 
2500 0 0 0 0 0 0 0 1133 1148 1133 1143 1146 1133 1151 1143 
2500 0 0 0 0 0 0 0 1139 1156 1137 1146 1153 1138 1153 1147 
2500 0 0 0 0 0 0 0 1142 1157 1143 1148 1157 1140 1157 1151 
2500 0 0 0 0 0 0 0 1146 1160 1147 1149 1160 1145 1160 1157 
2500 0 0 0 0 0 0 0 1146 1162 1151 1151 1162 1149 1163 1160 
2502 0 0 0 0 0 0 0 1151 1166 1156 1156 1170 1151 1162 1162 
2500 0 0 0 0 0 0 0 1153 1173 1160 1157 1173 1153 1166 1173 
2500 0 0 0 0 0 0 0 1157 1173 1162 1159 1176 1159 1172 1173 
2500 0 0 0 0 0 0 0 1159 1175 1170 1160 1183 1163 1173 1178 
2502 0 0 0 0 0 0 0 1160 1176 1173 1162 1183 1163 1172 1183 
2500 0 0 0 0 0 0 0 1162 1179 1176 1162 1184 1173 1173 1185 
2500 0 0 0 0 0 0 0 1166 1183 1178 1166 1188 1173 1175 1185 
2492 0 0 0 0 0 0 0 1173 1184 1184 1166 1188 1176 1175 1189 
2501 0 0 0 0 0 0 0 1175 1183 1186 1173 1189 1182 1175 1191 
2500 0 0 0 0 0 0 0 1176 1184 1188 1173 1191 1184 1175 1195 
2500 0 0 0 0 0 0 0 1182 1184 1191 1175 1191 1186 1179 1196 
2500 0 0 0 0 0 0 0 1184 1184 1194 1176 1191 1189 1178 1198 
2501 0 0 0 0 0 0 0 1185 1185 1198 1178 1191 1191 1182 1198 
2494 0 0 0 0 0 0 0 1188 1185 1198 1183 1194 1194 1183 1201 
2493 0 0 0 0 0 0 0 1191 1185 1201 1184 1195 1196 1183 1201 
2500 0 0 0 0 0 0 0 1194 1185 1202 1185 1196 1199 1184 1201 
2494 0 0 0 0 0 0 0 1196 1186 1204 1188 1194 1201 1185 1201 
2494 0 0 0 0 0 0 0 1198 1186 1204 1189 1194 1204 1186 1202 
2500 0 0 0 0 0 0 0 1199 1186 1204 1191 1194 1207 1188 1202 
2500 0 0 0 0 0 0 0 1201 1188 1207 1194 1194 1206 1189 1204 
2500 0 0 0 0 0 0 0 1204 1188 1207 1196 1194 1209 1191 1201 
2500 0 0 0 0 0 0 0 1207 1189 1207 1199 1194 1211 1192 1201 
2500 0 0 0 0 0 0 0 1209 1189 1207 1201 1191 1211 1195 1202 
2493 0 0 0 0 0 0 0 1209 1191 1209 1204 1194 1213 1196 1202 
2500 0 0 0 0 0 0 0 1213 1191 1207 1204 1195 1213 1198 1201 
2500 0 0 0 0 0 0 0 1214 1194 1207 1207 1194 1214 1201 1201 
2494 0 0 0 0 0 0 0 1209 1194 1207 1209 1195 1214 1202 1199 
2500 0 0 0 0 0 0 0 1216 1198 1207 1209 1196 1214 1204 1201 
2500 0 0 0 0 0 0 0 1216 1198 1204 1213 1196 1214 1204 1199 
2500 0 0 0 0 0 0 0 1217 1199 1204 1214 1198 1214 1209 1198 
2500 0 0 0 0 0 0 0 1217 1201 1204 1215 1198 1213 1209 1198 
2500 0 0 0 0 0 0 0 1217 1202 1204 1216 1198 1213 1209 1198 
2494 0 0 0 0 0 0 0 1217 1204 1204 1216 1199 1213 1213 1199 
2500 0 0 0 0 0 0 0 1217 1204 1204 1220 1201 1213 1214 1199 
2494 0 0 0 0 0 0 0 1239 1209 1204 1217 1201 1209 1215 1199 
2500 0 0 0 0 0 0 0 1216 1209 1204 1222 1204 1209 1216 1201 
2500 0 0 0 0 0 0 0 1217 1211 1201 1224 1204 1211 1216 1201 
2500 0 0 0 0 0 0 0 1216 1213 1201 1223 1204 1209 1217 1201 
2500 0 0 0 0 0 0 0 1216 1214 1201 1224 1209 1204 1223 1201 
2500 0 0 0 0 0 0 0 1215 1216 1201 1222 1209 1207 1223 1204 
2500 0 0 0 0 0 0 0 1214 1217 1201 1223 1211 1207 1224 1204 
2500 0 0 0 0 0 0 0 1213 1216 1201 1223 1213 1204 1224 1204 
2500 0 0 0 0 0 0 0 1213 1217 1204 1217 1214 1204 1225 1207 
2500 0 0 0 0 0 0 0 1211 1222 1204 1217 1214 1204 1223 1209 
2500 0 0 0 0 0 0 0 1211 1224 1204 1217 1216 1204 1224 1209 
2500 0 0 0 0 0 0 0 1211 1224 1204 1216 1217 1204 1224 1211 
2500 0 0 0 0 0 0 0 1209 1225 1204 1215 1222 1204 1225 1213 
2500 0 0 0 0 0 0 0 1211 1226 1207 1215 1223 1204 1223 1214 
2494 0 0 0 0 0 0 0 1207 1225 1209 1214 1223 1204 1223 1215 
2500 0 0 0 0 0 0 0 1209 1224 1209 1213 1224 1204 1223 1214 
2500 0 0 0 0 0 0 0 1209 1225 1209 1211 1225 1204 1223 1216 
2500 0 0 0 0 0 0 0 1207 1224 1213 1213 1225 1204 1222 1216 
2493 0 0 0 0 0 0 0 1209 1224 1213 1209 1225 1204 1217 1222 
2500 0 0 0 0 0 0 0 1207 1224 1214 1209 1226 1207 1216 1224 
2500 0 0 0 0 0 0 0 1207 1224 1216 1209 1228 1209 1214 1225 
2500 0 0 0 0 0 0 0 1209 1224 1216 1207 1228 1211 1214 1224 
2500 0 0 0 0 0 0 0 1207 1222 1217 1207 1228 1213 1214 1225 
2500 0 0 0 0 0 0 0 1209 1222 1222 1207 1228 1213 1213 1228 
2500 0 0 0 0 0 0 0 1209 1222 1224 1204 1228 1214 1211 1228 
2500 0 0 0 0 0 0 0 1209 1217 1224 1207 1225 1215 1213 1228 
2501 0 0 0 0 0 0 0 1211 1215 1224 1209 1228 1216 1209 1228 
2500 0 0 0 0 0 0 0 1213 1215 1225 1207 1225 1216 1209 1228 
2494 0 0 0 0 0 0 0 1213 1213 1226 1209 1224 1217 1207 1229 
2500 0 0 0 0 0 0 0 1214 1211 1228 1209 1223 1223 1209 1228 
2500 0 0 0 0 0 0 0 1215 1209 1229 1209 1223 1224 1209 1228 
2500 0 0 0 0 0 0 0 1217 1213 1228 1209 1222 1224 1209 1228 
2500 0 0 0 0 0 0 0 1219 1211 1229 1211 1222 1225 1209 1226 
2500 0 0 0 0 0 0 0 1217 1209 1228 1213 1216 1228 1207 1225 
2500 0 0 0 0 0 0 0 1224 1207 1217 1213 1216 1226 1207 1224 
2493 0 0 0 0 0 0 0 1224 1209 1228 1214 1214 1228 1209 1224 
2500 0 0 0 0 0 0 0 1225 1209 1228 1213 1214 1228 1209 1223 
2493 0 0 0 0 0 0 0 1224 1206 1223 1216 1213 1229 1209 1222 
2493 0 0 0 0 0 0 0 1226 1204 1225 1216 1209 1226 1213 1217 
2494 0 0 0 0 0 0 0 1228 1209 1225 1216 1211 1229 1213 1216 
2493 0 0 0 0 0 0 0 1228 1207 1225 1222 1211 1229 1213 1214 
2500 0 0 0 0 0 0 0 1231 1209 1225 1224 1209 1229 1213 1214 
2500 0 0 0 0 0 0 0 1234 1207 1222 1224 1209 1228 1214 1214 
2500 0 0 0 0 0 0 0 1231 1209 1222 1225 1209 1228 1216 1213 
2500 0 0 0 0 0 0 0 1229 1209 1217 1228 1207 1228 1216 1209 
2500 0 0 0 0 0 0 0 1229 1211 1216 1226 1209 1228 1217 1211 
2493 0 0 0 0 0 0 0 1231 1213 1216 1228 1209 1225 1217 1209 
2493 0 0 0 0 0 0 0 1228 1213 1213 1229 1209 1229 1223 1209 
2493 0 0 0 0 0 0 0 1231 1214 1213 1233 1213 1223 1224 1209 
2493 0 0 0 0 0 0 0 1233 1214 1213 1229 1209 1223 1224 1209 
2493 0 0 0 0 0 0 0 1229 1209 1211 1229 1211 1222 1222 1209 
2500 0 0 0 0 0 0 0 1228 1216 1211 1229 1213 1217 1225 1209 
2500 0 0 0 0 0 0 0 1228 1222 1211 1229 1213 1216 1228 1207 
2500 0 0 0 0 0 0 0 1226 1223 1211 1231 1214 1216 1228 1209 
2500 0 0 0 0 0 0 0 1226 1224 1209 1229 1215 1214 1229 1211 
2493 0 0 0 0 0 0 0 1225 1224 1206 1229 1215 1213 1234 1211 
2500 0 0 0 0 0 0 0 1224 1225 1209 1229 1217 1213 1229 1209 
2502 0 0 0 0 0 0 0 1222 1228 1209 1228 1216 1213 1231 1213 
2500 0 0 0 0 0 0 0 1216 1228 1207 1228 1222 1211 1231 1211 
2500 0 0 0 0 0 0 0 1217 1228 1211 1224 1224 1209 1231 1213 
2500 0 0 0 0 0 0 0 1216 1229 1209 1224 1224 1209 1229 1214 
2500 0 0 0 0 0 0 0 1216 1229 1209 1224 1225 1209 1228 1215 
2493 0 0 0 0 0 0 0 1214 1229 1211 1224 1224 1209 1228 1216 
2501 0 0 0 0 0 0 0 1213 1229 1209 1216 1228 1209 1228 1217 
2500 0 0 0 0 0 0 0 1213 1232 1213 1222 1228 1209 1226 1222 
2500 0 0 0 0 0 0 0 1213 1229 1213 1216 1228 1209 1226 1222 
2494 0 0 0 0 0 0 0 1209 1229 1214 1215 1228 1207 1224 1224 
2500 0 0 0 0 0 0 0 1211 1228 1214 1213 1229 1209 1224 1222 
2502 0 0 0 0 0 0 0 1209 1228 1215 1214 1228 1211 1224 1225 
2500 0 0 0 0 0 0 0 1209 1228 1217 1213 1229 1211 1222 1225 
2494 0 0 0 0 0 0 0 1211 1228 1217 1213 1229 1213 1219 1225 
2500 0 0 0 0 0 0 0 1211 1225 1217 1214 1229 1213 1216 1229 
2500 0 0 0 0 0 0 0 1213 1223 1224 1213 1231 1214 1216 1229 
2500 0 0 0 0 0 0 0 1213 1224 1224 1209 1229 1214 1214 1229 
2500 0 0 0 0 0 0 0 1213 1223 1224 1209 1229 1216 1214 1228 
2493 0 0 0 0 0 0 0 1213 1217 1225 1209 1228 1217 1213 1229 
2493 0 0 0 0 0 0 0 1213 1217 1225 1209 1228 1217 1211 1229 
2500 0 0 0 0 0 0 0 1214 1216 1226 1209 1228 1219 1211 1229 
2494 0 0 0 0 0 0 0 1214 1214 1229 1209 1228 1222 1211 1229 
2493 0 0 0 0 0 0 0 1216 1214 1229 1211 1224 1224 1211 1229 
2500 0 0 0 0 0 0 0 1216 1213 1229 1209 1224 1224 1209 1229 
2500 0 0 0 0 0 0 0 1216 1211 1229 1211 1223 1225 1209 1228 
2493 0 0 0 0 0 0 0 1217 1211 1229 1213 1219 1226 1209 1228 
2500 0 0 0 0 0 0 0 1222 1209 1229 1209 1217 1228 1215 1228 
2500 0 0 0 0 0 0 0 1224 1209 1231 1214 1216 1228 1211 1225 
2493 0 0 0 0 0 0 0 1226 1202 1229 1214 1216 1236 1211 1225 
2493 0 0 0 0 0 0 0 1224 1209 1229 1214 1215 1229 1209 1224 
2500 0 0 0 0 0 0 0 1228 1209 1229 1216 1214 1229 1214 1224 
2500 0 0 0 0 0 0 0 1228 1209 1228 1217 1213 1229 1213 1222 
2493 0 0 0 0 0 0 0 1228 1209 1228 1222 1213 1231 1213 1219 
2493 0 0 0 0 0 0 0 1228 1209 1226 1224 1214 1229 1214 1204 
2500 0 0 0 0 0 0 0 1229 1209 1228 1224 1211 1229 1214 1216 
2494 0 0 0 0 0 0 0 1232 1211 1225 1224 1209 1229 1214 1214 
2502 0 0 0 0 0 0 0 1233 1211 1224 1225 1209 1228 1216 1214 
2500 0 0 0 0 0 0 0 1234 1209 1222 1225 1209 1228 1216 1214 
2494 0 0 0 0 0 0 0 1233 1211 1217 1226 1209 1229 1222 1213 
2500 0 0 0 0 0 0 0 1233 1213 1216 1229 1209 1228 1222 1211 
2493 0 0 0 0 0 0 0 1233 1214 1216 1229 1209 1225 1222 1211 
2494 0 0 0 0 0 0 0 1232 1214 1214 1229 1209 1225 1224 1211 
2493 0 0 0 0 0 0 0 1231 1214 1213 1243 1209 1224 1224 1211 
2493 0 0 0 0 0 0 0 1229 1216 1213 1229 1211 1223 1225 1209 
2500 0 0 0 0 0 0 0 1229 1216 1213 1231 1213 1222 1225 1209 
2494 0 0 0 0 0 0 0 1228 1217 1211 1231 1224 1219 1228 1209 
2500 0 0 0 0 0 0 0 1228 1222 1211 1229 1213 1216 1228 1209 
2493 0 0 0 0 0 0 0 1225 1222 1211 1228 1214 1216 1229 1211 
2500 0 0 0 0 0 0 0 1225 1224 1209 1229 1215 1214 1229 1209 
2500 0 0 0 0 0 0 0 1224 1224 1209 1228 1216 1214 1229 1211 
2500 0 0 0 0 0 0 0 1222 1226 1209 1229 1217 1213 1231 1211 
2500 0 0 0 0 0 0 0 1223 1226 1209 1228 1217 1213 1229 1213 
2500 0 0 0 0 0 0 0 1217 1228 1209 1228 1219 1211 1231 1213 
2494 0 0 0 0 0 0 0 1216 1228 1209 1225 1223 1209 1229 1214 
2500 0 0 0 0 0 0 0 1216 1228 1209 1225 1224 1209 1232 1214 
2500 0 0 0 0 0 0 0 1216 1229 1209 1224 1225 1209 1229 1216 
2500 0 0 0 0 0 0 0 1215 1231 1211 1222 1225 1209 1231 1216 
2494 0 0 0 0 0 0 0 1214 1229 1213 1222 1226 1209 1229 1219 
2500 0 0 0 0 0 0 0 1213 1231 1213 1217 1228 1209 1228 1222 
2500 0 0 0 0 0 0 0 1213 1229 1214 1216 1228 1209 1225 1224 
2500 0 0 0 0 0 0 0 1213 1229 1214 1215 1229 1209 1225 1223 
2500 0 0 0 0 0 0 0 1209 1229 1215 1215 1229 1211 1224 1224 
2494 0 0 0 0 0 0 0 1211 1229 1217 1214 1231 1211 1223 1225 
2500 0 0 0 0 0 0 0 1211 1228 1217 1213 1231 1213 1223 1226 
2500 0 0 0 0 0 0 0 1211 1228 1219 1213 1231 1213 1217 1229 
2500 0 0 0 0 0 0 0 1213 1228 1222 1209 1231 1213 1217 1228 
2500 0 0 0 0 0 0 0 1211 1225 1224 1211 1234 1214 1216 1229 
2501 0 0 0 0 0 0 0 1213 1224 1224 1209 1231 1216 1214 1234 
2494 0 0 0 0 0 0 0 1213 1224 1226 1209 1229 1216 1214 1231 
2500 0 0 0 0 0 0 0 1213 1217 1226 1209 1228 1216 1213 1231 
2500 0 0 0 0 0 0 0 1214 1217 1226 1209 1228 1219 1213 1231 
2500 0 0 0 0 0 0 0 1214 1216 1228 1209 1226 1222 1211 1229 
2500 0 0 0 0 0 0 0 1214 1215 1229 1209 1225 1224 1213 1231 
2500 0 0 0 0 0 0 0 1215 1214 1229 1211 1224 1225 1211 1229 
2500 0 0 0 0 0 0 0 1216 1214 1229 1211 1224 1226 1209 1229 
2501 0 0 0 0 0 0 0 1222 1214 1229 1213 1223 1225 1209 1229 
2500 0 0 0 0 0 0 0 1223 1211 1229 1209 1222 1228 1209 1228 
2500 0 0 0 0 0 0 0 1223 1209 1229 1213 1217 1228 1209 1229 
2500 0 0 0 0 0 0 0 1224 1211 1229 1214 1216 1229 1209 1228 
2500 0 0 0 0 0 0 0 1224 1209 1229 1214 1216 1228 1211 1225 
2500 0 0 0 0 0 0 0 1228 1209 1229 1216 1214 1229 1211 1224 
2500 0 0 0 0 0 0 0 1228 1209 1229 1216 1214 1231 1211 1224 
2500 0 0 0 0 0 0 0 1228 1209 1228 1217 1213 1229 1211 1222 
2500 0 0 0 0 0 0 0 1229 1209 1226 1222 1213 1229 1213 1222 
2500 0 0 0 0 0 0 0 1229 1209 1228 1223 1211 1229 1214 1217 
2500 0 0 0 0 0 0 0 1229 1211 1225 1223 1209 1229 1214 1216 
2500 0 0 0 0 0 0 0 1229 1209 1224 1224 1209 1229 1215 1214 
2500 0 0 0 0 0 0 0 1229 1209 1224 1225 1211 1228 1216 1214 
2500 0 0 0 0 0 0 0 1231 1211 1222 1225 1209 1228 1217 1213 
2500 0 0 0 0 0 0 0 1234 1213 1217 1228 1209 1228 1217 1213 
2494 0 0 0 0 0 0 0 1231 1213 1217 1228 1209 1228 1222 1213 
2500 0 0 0 0 0 0 0 1229 1213 1216 1229 1211 1225 1223 1211 
2493 0 0 0 0 0 0 0 1229 1214 1214 1229 1209 1224 1224 1211 
2492 0 0 0 0 0 0 0 1231 1215 1213 1229 1211 1224 1225 1209 
2500 0 0 0 0 0 0 0 1231 1215 1214 1229 1211 1224 1228 1211 
2494 0 0 0 0 0 0 0 1229 1216 1213 1231 1213 1222 1228 1209 
2500 0 0 0 0 0 0 0 1229 1222 1213 1229 1213 1217 1225 1209 
2494 0 0 0 0 0 0 0 1229 1222 1209 1231 1214 1217 1228 1209 
2493 2 0 0 0 0 0 0 1228 1223 1211 1229 1215 1215 1228 1211 
2500 0 0 0 0 0 0 0 1228 1224 1211 1231 1215 1216 1229 1209 
2500 0 0 0 0 0 0 0 1228 1224 1209 1231 1216 1214 1229 1211 
2493 0 0 0 0 0 0 0 1224 1224 1211 1229 1216 1214 1229 1213 
2500 0 0 0 0 0 0 0 1222 1225 1209 1228 1216 1213 1229 1211 
2502 0 0 0 0 0 0 0 1222 1228 1209 1226 1219 1211 1229 1213 
2494 0 0 0 0 0 0 0 1217 1229 1209 1228 1224 1213 1229 1213 
2500 0 0 0 0 0 0 0 1216 1229 1211 1224 1224 1211 1231 1214 
2500 0 0 0 0 0 0 0 1216 1229 1211 1224 1224 1211 1229 1214 
2501 0 0 0 0 0 0 0 1214 1229 1213 1224 1225 1211 1228 1216 
2494 0 0 0 0 0 0 0 1214 1228 1213 1217 1225 1211 1228 1217 
2500 0 0 0 0 0 0 0 1213 1231 1213 1216 1226 1211 1228 1222 
2500 0 0 0 0 0 0 0 1213 1229 1214 1216 1228 1209 1225 1224 
2500 0 0 0 0 0 0 0 1211 1229 1214 1215 1229 1211 1226 1222 
2500 0 0 0 0 0 0 0 1211 1228 1216 1215 1229 1211 1224 1224 
2500 0 0 0 0 0 0 0 1209 1228 1217 1213 1229 1213 1224 1225 
2500 0 0 0 0 0 0 0 1211 1225 1217 1213 1229 1213 1224 1224 
2500 0 0 0 0 0 0 0 1213 1225 1217 1211 1229 1213 1223 1226 
2493 0 0 0 0 0 0 0 1211 1225 1223 1213 1229 1213 1216 1226 
2493 0 0 0 0 0 0 0 1213 1224 1224 1209 1231 1214 1216 1229 
2500 0 0 0 0 0 0 0 1213 1224 1224 1209 1229 1216 1215 1228 
2500 0 0 0 0 0 0 0 1213 1222 1224 1209 1229 1215 1215 1229 
2494 0 0 0 0 0 0 0 1214 1219 1226 1209 1228 1216 1214 1232 
2501 0 0 0 0 0 0 0 1213 1220 1228 1209 1228 1216 1214 1234 
2500 0 0 0 0 0 0 0 1214 1217 1228 1209 1228 1224 1213 1229 
2500 0 0 0 0 0 0 0 1215 1215 1229 1211 1225 1223 1213 1229 
2494 0 0 0 0 0 0 0 1215 1214 1229 1211 1225 1223 1209 1229 
2500 0 0 0 0 0 0 0 1216 1214 1229 1209 1224 1224 1211 1229 
2492 0 0 0 0 0 0 0 1216 1214 1229 1209 1224 1225 1211 1229 
2500 0 0 0 0 0 0 0 1217 1211 1229 1213 1222 1225 1209 1229 
2492 0 0 0 0 0 0 0 1222 1213 1229 1213 1222 1228 1211 1228 
2500 0 0 0 0 0 0 0 1224 1211 1231 1213 1217 1228 1209 1228 
2500 0 0 0 0 0 0 0 1224 1209 1231 1215 1216 1228 1211 1224 
2500 0 0 0 0 0 0 0 1228 1211 1229 1215 1215 1228 1211 1225 
2500 0 0 0 0 0 0 0 1225 1209 1228 1217 1215 1229 1209 1224 
2500 0 0 0 0 0 0 0 1228 1209 1228 1216 1214 1229 1213 1224 
2500 0 0 0 0 0 0 0 1229 1209 1228 1217 1214 1229 1213 1223 
2500 0 0 0 0 0 0 0 1229 1209 1226 1222 1213 1229 1214 1216 
2500 0 0 0 0 0 0 0 1229 1211 1226 1223 1211 1229 1215 1217 
2501 0 0 0 0 0 0 0 1229 1211 1224 1224 1213 1229 1216 1215 
2500 0 0 0 0 0 0 0 1233 1213 1224 1224 1211 1229 1216 1216 
2502 0 0 0 0 0 0 0 1231 1211 1223 1225 1211 1229 1217 1213 
2500 0 0 0 0 0 0 0 1231 1213 1222 1225 1211 1228 1217 1213 
2500 0 0 0 0 0 0 0 1232 1213 1217 1228 1209 1225 1217 1213 
2500 0 0 0 0 0 0 0 1233 1214 1216 1228 1211 1225 1224 1211 
2500 0 0 0 0 0 0 0 1234 1214 1216 1228 1213 1225 1224 1211 
2493 0 0 0 0 0 0 0 1231 1214 1215 1229 1213 1224 1225 1211 
2493 0 0 0 0 0 0 0 1231 1216 1214 1229 1213 1224 1226 1211 
2494 0 0 0 0 0 0 0 1229 1217 1213 1229 1213 1224 1225 1209 
2500 0 0 0 0 0 0 0 1228 1217 1213 1231 1213 1217 1225 1209 
2493 0 0 0 0 0 0 0 1228 1223 1211 1229 1214 1216 1228 1209 
2500 0 0 0 0 0 0 0 1228 1224 1211 1229 1214 1216 1228 1211 
2500 0 0 0 0 0 0 0 1225 1222 1209 1229 1216 1216 1229 1211 
2500 0 0 0 0 0 0 0 1226 1224 1211 1229 1216 1214 1229 1209 
2500 0 0 0 0 0 0 0 1224 1224 1209 1229 1217 1214 1229 1213 
2500 0 0 0 0 0 0 0 1224 1226 1209 1228 1216 1213 1231 1213 
2500 0 0 0 0 0 0 0 1222 1226 1213 1228 1222 1213 1231 1214 
2500 0 0 0 0 0 0 0 1216 1228 1209 1225 1222 1209 1229 1213 
2500 0 0 0 0 0 0 0 1216 1228 1211 1224 1224 1211 1228 1216 
2500 0 0 0 0 0 0 0 1216 1228 1209 1224 1224 1211 1229 1216 
2500 0 0 0 0 0 0 0 1214 1228 1211 1222 1225 1209 1229 1216 
2494 0 0 0 0 0 0 0 1214 1229 1213 1222 1228 1211 1229 1216 
2500 0 0 0 0 0 0 0 1214 1229 1213 1219 1226 1209 1228 1222 
2500 0 0 0 0 0 0 0 1213 1229 1214 1216 1228 1211 1228 1222 
2500 0 0 0 0 0 0 0 1213 1228 1214 1216 1229 1209 1228 1224 
2500 0 0 0 0 0 0 0 1211 1229 1214 1214 1228 1211 1224 1225 
2494 0 0 0 0 0 0 0 1213 1229 1216 1215 1229 1213 1224 1224 
2494 0 0 0 0 0 0 0 1211 1228 1217 1214 1231 1211 1224 1225 
2494 0 0 0 0 0 0 0 1211 1228 1222 1213 1229 1213 1222 1225 
2493 0 0 0 0 0 0 0 1209 1226 1222 1213 1231 1213 1217 1228 
2494 0 0 0 0 0 0 0 1211 1225 1224 1213 1229 1214 1216 1228 
2500 0 0 0 0 0 0 0 1213 1224 1224 1209 1229 1215 1215 1229 
2500 0 0 0 0 0 0 0 1213 1224 1224 1211 1228 1216 1214 1229 
2493 0 0 0 0 0 0 0 1213 1222 1226 1209 1229 1217 1214 1229 
2493 0 0 0 0 0 0 0 1214 1217 1226 1209 1229 1217 1213 1229 
2500 0 0 0 0 0 0 0 1215 1217 1228 1209 1228 1222 1213 1229 
2493 0 0 0 0 0 0 0 1215 1216 1225 1209 1228 1223 1213 1229 
2500 0 0 0 0 0 0 0 1222 1216 1229 1209 1224 1224 1211 1231 
2500 0 0 0 0 0 0 0 1217 1214 1228 1209 1224 1224 1211 1231 
2500 0 0 0 0 0 0 0 1217 1213 1229 1213 1224 1224 1209 1229 
2500 0 0 0 0 0 0 0 1222 1214 1229 1211 1222 1225 1211 1229 
2500 0 0 0 0 0 0 0 1224 1213 1231 1213 1222 1228 1211 1228 
2500 0 0 0 0 0 0 0 1224 1209 1229 1213 1217 1228 1209 1228 
2493 0 0 0 0 0 0 0 1224 1211 1229 1214 1216 1229 1209 1225 
2500 0 0 0 0 0 0 0 1225 1209 1229 1215 1216 1229 1209 1225 
2494 0 0 0 0 0 0 0 1228 1209 1229 1215 1214 1229 1211 1224 
2500 0 0 0 0 0 0 0 1228 1207 1228 1216 1213 1229 1211 1224 
2500 0 0 0 0 0 0 0 1229 1209 1229 1217 1213 1229 1213 1223 
2500 0 0 0 0 0 0 0 1229 1209 1226 1222 1211 1229 1214 1217 
2493 0 0 0 0 0 0 0 1229 1209 1225 1223 1213 1229 1213 1215 
2494 0 0 0 0 0 0 0 1231 1209 1225 1224 1211 1229 1214 1215 
2500 0 0 0 0 0 0 0 1231 1211 1224 1225 1211 1229 1216 1216 
2500 0 0 0 0 0 0 0 1231 1213 1223 1225 1209 1229 1217 1214 
2500 0 0 0 0 0 0 0 1231 1211 1222 1228 1209 1228 1217 1213 
2500 0 0 0 0 0 0 0 1231 1213 1217 1228 1209 1228 1217 1211 
2500 0 0 0 0 0 0 0 1234 1213 1216 1228 1209 1228 1224 1211 
2500 0 0 0 0 0 0 0 1231 1214 1215 1229 1211 1228 1224 1211 
2493 0 0 0 0 0 0 0 1234 1216 1213 1228 1211 1224 1225 1209 
2493 0 0 0 0 0 0 0 1229 1216 1213 1229 1211 1223 1225 1209 
2494 0 0 0 0 0 0 0 1231 1217 1213 1231 1213 1222 1226 1209 
2493 0 0 0 0 0 0 0 1229 1220 1211 1231 1213 1216 1226 1209 
2493 0 0 0 0 0 0 0 1228 1222 1211 1229 1214 1217 1228 1209 
2500 0 0 0 0 0 0 0 1226 1223 1211 1231 1214 1215 1228 1209 
2494 0 0 0 0 0 0 0 1225 1223 1209 1231 1214 1216 1229 1211 
2500 0 0 0 0 0 0 0 1225 1225 1209 1229 1214 1214 1229 1213 
2500 0 0 0 0 0 0 0 1224 1226 1209 1229 1216 1213 1231 1211 
2500 0 0 0 0 0 0 0 1222 1226 1209 1228 1217 1213 1229 1213 
2500 0 0 0 0 0 0 0 1220 1228 1209 1228 1222 1213 1229 1214 
2500 0 0 0 0 0 0 0 1222 1228 1209 1228 1224 1211 1231 1214 
2494 0 0 0 0 0 0 0 1217 1228 1209 1225 1224 1211 1229 1215 
2500 0 0 0 0 0 0 0 1217 1228 1211 1226 1225 1211 1229 1216 
2500 0 0 0 0 0 0 0 1216 1229 1213 1223 1225 1209 1226 1217 
2492 0 0 0 0 0 0 0 1214 1229 1213 1222 1225 1209 1228 1216 
2501 0 0 0 0 0 0 0 1213 1229 1213 1222 1229 1209 1228 1216 
2493 0 0 0 0 0 0 0 1211 1228 1211 1216 1228 1211 1224 1222 
2492 0 0 0 0 0 0 0 1213 1228 1214 1220 1229 1211 1225 1224 
2500 0 0 0 0 0 0 0 1213 1228 1216 1214 1229 1211 1224 1224 
2493 0 0 0 0 0 0 0 1214 1228 1216 1214 1228 1213 1225 1225 
2500 0 0 0 0 0 0 0 1213 1228 1209 1213 1229 1213 1224 1226 
2500 0 0 0 0 0 0 0 1211 1248 1220 1213 1229 1213 1228 1228 
2500 0 0 0 0 0 0 0 1213 1226 1222 1211 1228 1217 1217 1228 
2494 0 0 0 0 0 0 0 1213 1225 1223 1209 1229 1214 1216 1228 
2494 0 0 0 0 0 0 0 1213 1225 1224 1211 1231 1216 1204 1229 
2500 0 0 0 0 0 0 0 1211 1224 1224 1209 1228 1216 1215 1231 
2493 0 0 0 0 0 0 0 1213 1217 1225 1209 1228 1217 1213 1229 
2500 0 0 0 0 0 0 0 1214 1217 1225 1211 1226 1219 1213 1229 
2501 0 0 0 0 0 0 0 1214 1217 1228 1207 1228 1222 1213 1229 
2492 0 0 0 0 0 0 0 1214 1216 1225 1209 1225 1220 1213 1229 
2500 0 0 0 0 0 0 0 1216 1215 1228 1213 1228 1224 1211 1229 
2500 0 0 0 0 0 0 0 1217 1215 1228 1213 1224 1224 1211 1229 
2500 0 0 0 0 0 0 0 1222 1213 1229 1213 1224 1224 1202 1231 
2493 0 0 0 0 0 0 0 1222 1211 1229 1213 1223 1225 1209 1228 
2502 0 0 0 0 0 0 0 1223 1222 1229 1213 1217 1226 1211 1228 
2493 0 0 0 0 0 0 0 1223 1209 1228 1214 1222 1226 1209 1188 
2500 0 0 0 0 0 0 0 1224 1211 1228 1216 1216 1229 1211 1226 
2500 0 0 0 0 0 0 0 1225 1211 1228 1216 1214 1229 1211 1225 
2500 0 0 0 0 0 0 0 1228 1209 1228 1216 1215 1229 1209 1224 
2493 0 0 0 0 0 0 0 1228 1209 1228 1217 1213 1229 1213 1224 
2493 0 0 0 0 0 0 0 1229 1211 1228 1222 1213 1229 1214 1222 
2500 0 0 0 0 0 0 0 1231 1209 1225 1217 1213 1229 1214 1216 
2494 0 0 0 0 0 0 0 1231 1209 1228 1224 1211 1229 1214 1216 
2493 0 0 0 0 0 0 0 1232 1211 1224 1223 1211 1231 1215 1214 
2500 0 0 0 0 0 0 0 1231 1211 1224 1224 1211 1229 1215 1214 
2502 0 0 0 0 0 0 0 1233 1213 1223 1228 1209 1229 1216 1214 
2501 0 0 0 0 0 0 0 1234 1213 1222 1226 1209 1228 1217 1214 
2494 0 0 0 0 0 0 0 1233 1213 1217 1228 1209 1228 1219 1211 
2493 0 0 0 0 0 0 0 1233 1213 1216 1228 1211 1225 1224 1209 
2500 0 0 0 0 0 0 0 1234 1214 1215 1229 1211 1228 1224 1213 
2493 0 0 0 0 0 0 0 1231 1214 1214 1229 1211 1224 1226 1209 
2494 0 0 0 0 0 0 0 1229 1216 1214 1229 1213 1224 1224 1209 
2494 0 0 0 0 0 0 0 1229 1216 1213 1229 1211 1222 1226 1209 
2494 0 0 0 0 0 0 0 1229 1222 1211 1231 1213 1219 1226 1209 
2500 0 0 0 0 0 0 0 1228 1222 1213 1231 1214 1217 1228 1211 
2500 0 0 0 0 0 0 0 1228 1224 1211 1229 1214 1215 1228 1209 
2500 0 0 0 0 0 0 0 1225 1224 1209 1231 1215 1214 1229 1211 
2500 0 0 0 0 0 0 0 1224 1224 1209 1229 1215 1214 1229 1211 
2500 0 0 0 0 0 0 0 1224 1225 1209 1229 1217 1213 1231 1209 
2500 0 0 0 0 0 0 0 1223 1226 1209 1229 1222 1214 1231 1213 
2500 0 0 0 0 0 0 0 1223 1228 1211 1228 1222 1211 1229 1214 
2500 0 0 0 0 0 0 0 1217 1228 1209 1225 1224 1211 1229 1213 
2500 0 0 0 0 0 0 0 1217 1229 1209 1224 1224 1209 1229 1215 
2500 0 0 0 0 0 0 0 1216 1228 1211 1224 1225 1209 1229 1216 
2500 0 0 0 0 0 0 0 1216 1229 1211 1222 1224 1209 1229 1217 
2500 0 0 0 0 0 0 0 1214 1228 1213 1222 1229 1209 1229 1222 
2500 0 0 0 0 0 0 0 1213 1229 1216 1217 1228 1209 1228 1222 
2493 0 0 0 0 0 0 0 1213 1229 1213 1216 1228 1209 1225 1222 
2500 0 0 0 0 0 0 0 1213 1229 1214 1216 1229 1211 1224 1224 
2494 0 0 0 0 0 0 0 1213 1229 1214 1214 1229 1211 1224 1224 
2493 0 0 0 0 0 0 0 1209 1228 1216 1214 1228 1213 1224 1224 
2500 0 0 0 0 0 0 0 1211 1228 1214 1214 1229 1211 1217 1228 
2492 0 0 0 0 0 0 0 1211 1225 1216 1213 1229 1211 1222 1228 
2500 0 0 0 0 0 0 0 1211 1225 1222 1211 1229 1213 1217 1228 
2494 0 0 0 0 0 0 0 1211 1225 1229 1211 1229 1214 1248 1229 
2493 0 0 0 0 0 0 0 1213 1224 1225 1211 1229 1216 1216 1229 
2500 0 0 0 0 0 0 0 1213 1223 1224 1211 1228 1216 1214 1229 
2501 0 0 0 0 0 0 0 1214 1222 1225 1209 1228 1216 1214 1233 
2494 0 0 0 0 0 0 0 1215 1222 1226 1209 1229 1217 1213 1263 
2500 0 0 0 0 0 0 0 1215 1217 1228 1209 1228 1222 1213 1231 
2500 0 0 0 0 0 0 0 1216 1215 1228 1211 1225 1224 1213 1231 
2500 0 0 0 0 0 0 0 1216 1215 1229 1211 1217 1223 1211 1231 
2500 0 0 0 0 0 0 0 1219 1214 1229 1213 1224 1224 1204 1231 
2500 0 0 0 0 0 0 0 1222 1213 1229 1213 1222 1226 1211 1228 
2500 0 0 0 0 0 0 0 1222 1213 1229 1213 1222 1225 1211 1228 
2493 0 0 0 0 0 0 0 1222 1209 1229 1214 1222 1228 1211 1226 
2494 0 0 0 0 0 0 0 1223 1209 1228 1214 1216 1228 1211 1225 
2493 0 0 0 0 0 0 0 1225 1209 1229 1214 1215 1229 1213 1225 
2494 0 0 0 0 0 0 0 1228 1209 1229 1215 1215 1229 1209 1224 
2500 0 0 0 0 0 0 0 1224 1209 1228 1216 1213 1228 1211 1224 
2493 0 0 0 0 0 0 0 1226 1209 1228 1217 1213 1229 1213 1217 
2492 0 0 0 0 0 0 0 1228 1209 1228 1222 1211 1229 1213 1217 
2492 0 0 0 0 0 0 0 1228 1209 1225 1222 1211 1231 1213 1216 
2500 0 0 0 0 0 0 0 1229 1209 1224 1223 1211 1229 1214 1216 
2493 0 0 0 0 0 0 0 1229 1209 1224 1224 1211 1229 1215 1214 
2500 0 0 0 0 0 0 0 1229 1209 1224 1224 1211 1229 1216 1213 
2492 0 0 0 0 0 0 0 1231 1213 1222 1226 1209 1228 1217 1213 
2500 0 0 0 0 0 0 0 1231 1213 1222 1225 1209 1228 1222 1213 
2500 0 0 0 0 0 0 0 1231 1213 1217 1228 1211 1225 1223 1211 
2500 0 0 0 0 0 0 0 1231 1213 1216 1228 1209 1225 1223 1213 
2500 0 0 0 0 0 0 0 1231 1213 1214 1229 1209 1224 1224 1209 
2500 0 0 0 0 0 0 0 1229 1214 1214 1229 1213 1224 1224 1209 
2493 0 0 0 0 0 0 0 1229 1216 1213 1229 1213 1223 1226 1209 
2500 0 0 0 0 0 0 0 1229 1216 1211 1229 1211 1222 1225 1207 
2492 0 0 0 0 0 0 0 1228 1217 1209 1228 1213 1217 1228 1209 
2500 0 0 0 0 0 0 0 1228 1222 1209 1229 1214 1216 1228 1209 
2500 0 0 0 0 0 0 0 1225 1224 1209 1229 1214 1216 1229 1209 
2493 0 0 0 0 0 0 0 1225 1224 1209 1229 1215 1214 1229 1211 
2500 0 0 0 0 0 0 0 1224 1225 1209 1229 1216 1214 1229 1213 
2500 0 0 0 0 0 0 0 1224 1225 1209 1229 1217 1213 1231 1213 
2500 0 0 0 0 0 0 0 1219 1226 1211 1228 1219 1211 1229 1213 
2500 0 0 0 0 0 0 0 1216 1228 1209 1228 1222 1209 1229 1214 
2494 0 0 0 0 0 0 0 1216 1228 1209 1228 1224 1213 1229 1214 
2500 0 0 0 0 0 0 0 1216 1228 1209 1224 1225 1211 1229 1215 
2500 0 0 0 0 0 0 0 1215 1229 1209 1224 1224 1209 1229 1216 
2500 0 0 0 0 0 0 0 1215 1229 1213 1224 1225 1209 1228 1217 
2494 0 0 0 0 0 0 0 1214 1229 1211 1217 1228 1211 1228 1222 
2500 0 0 0 0 0 0 0 1213 1228 1213 1217 1228 1211 1228 1222 
2493 0 0 0 0 0 0 0 1213 1229 1214 1216 1228 1209 1228 1224 
2493 0 0 0 0 0 0 0 1213 1229 1214 1214 1228 1209 1225 1224 
2493 0 0 0 0 0 0 0 1213 1228 1214 1214 1229 1211 1224 1224 
2494 0 0 0 0 0 0 0 1211 1228 1216 1213 1229 1211 1222 1225 
2494 0 0 0 0 0 0 0 1211 1228 1217 1213 1229 1213 1222 1228 
2492 0 0 0 0 0 0 0 1211 1225 1217 1213 1229 1213 1217 1228 
2494 0 0 0 0 0 0 0 1211 1224 1222 1213 1229 1214 1217 1228 
2500 0 0 0 0 0 0 0 1211 1224 1224 1209 1229 1214 1214 1228 
2493 0 0 0 0 0 0 0 1213 1223 1224 1209 1229 1215 1215 1229 
2493 0 0 0 0 0 0 0 1213 1222 1224 1209 1229 1216 1214 1229 
2500 0 0 0 0 0 0 0 1214 1222 1228 1209 1229 1217 1213 1229 
2493 0 0 0 0 0 0 0 1214 1217 1226 1209 1228 1222 1213 1229 
2500 0 0 0 0 0 0 0 1215 1216 1226 1211 1226 1222 1211 1229 
2494 0 0 0 0 0 0 0 1215 1214 1229 1209 1225 1223 1209 1231 
2493 0 0 0 0 0 0 0 1216 1214 1229 1213 1224 1224 1213 1229 
2500 0 0 0 0 0 0 0 1217 1213 1229 1213 1224 1228 1209 1231 
2500 0 0 0 0 0 0 0 1219 1213 1229 1213 1223 1226 1209 1229 
2500 0 0 0 0 0 0 0 1222 1213 1229 1211 1222 1228 1209 1228 
2494 0 0 0 0 0 0 0 1224 1209 1232 1214 1216 1228 1209 1228 
2500 0 0 0 0 0 0 0 1224 1209 1229 1215 1216 1228 1213 1226 
2500 0 0 0 0 0 0 0 1226 1209 1229 1214 1215 1229 1209 1225 
2500 0 0 0 0 0 0 0 1228 1209 1228 1216 1214 1229 1213 1224 
2493 0 0 0 0 0 0 0 1228 1209 1226 1217 1214 1229 1209 1224 
2500 0 0 0 0 0 0 0 1229 1209 1228 1220 1213 1229 1213 1224 
2500 0 0 0 0 0 0 0 1229 1209 1228 1217 1213 1229 1214 1217 
2493 0 0 0 0 0 0 0 1231 1209 1224 1224 1211 1229 1214 1216 
2500 0 0 0 0 0 0 0 1231 1211 1225 1224 1213 1229 1214 1216 
2500 0 0 0 0 0 0 0 1232 1211 1223 1225 1213 1231 1216 1215 
2500 0 0 0 0 0 0 0 1231 1211 1222 1228 1209 1229 1216 1213 
2504 0 0 0 0 0 0 0 1233 1213 1224 1228 1209 1229 1222 1214 
2494 0 0 0 0 0 0 0 1234 1213 1217 1228 1209 1228 1222 1213 
2500 0 0 0 0 0 0 0 1233 1214 1216 1229 1209 1228 1217 1211 
2500 0 0 0 0 0 0 0 1233 1214 1216 1229 1211 1225 1224 1209 
2493 0 0 0 0 0 0 0 1231 1214 1214 1229 1209 1224 1224 1209 
2493 0 0 0 0 0 0 0 1229 1216 1214 1229 1211 1223 1225 1211 
2494 0 0 0 0 0 0 0 1229 1217 1213 1229 1213 1223 1226 1209 
2493 0 0 0 0 0 0 0 1229 1216 1213 1229 1213 1222 1226 1209 
2493 0 0 0 0 0 0 0 1228 1219 1213 1229 1214 1217 1228 1211 
2494 0 0 0 0 0 0 0 1228 1222 1211 1231 1214 1216 1228 1209 
2493 0 0 0 0 0 0 0 1225 1224 1209 1231 1214 1216 1229 1211 
2500 0 0 0 0 0 0 0 1225 1224 1209 1229 1216 1213 1229 1209 
2494 0 0 0 0 0 0 0 1224 1224 1209 1228 1216 1213 1229 1213 
2494 0 0 0 0 0 0 0 1222 1226 1207 1228 1219 1213 1231 1213 
2500 0 0 0 0 0 0 0 1222 1226 1209 1228 1222 1213 1231 1213 
2494 0 0 0 0 0 0 0 1222 1228 1209 1225 1223 1209 1231 1214 
2493 0 0 0 0 0 0 0 1216 1228 1209 1224 1224 1209 1229 1214 
2494 0 0 0 0 0 0 0 1215 1229 1209 1224 1224 1209 1229 1214 
2500 0 0 0 0 0 0 0 1214 1229 1209 1222 1224 1209 1228 1216 
2494 0 0 0 0 0 0 0 1214 1231 1213 1222 1226 1209 1228 1216 
2500 0 0 0 0 0 0 0 1213 1231 1213 1222 1225 1209 1228 1217 
2500 0 0 0 0 0 0 0 1213 1229 1214 1216 1229 1209 1228 1222 
2494 0 0 0 0 0 0 0 1211 1229 1214 1216 1228 1209 1225 1223 
2493 0 0 0 0 0 0 0 1211 1229 1214 1214 1228 1209 1224 1224 
2493 0 0 0 0 0 0 0 1211 1229 1216 1214 1229 1211 1224 1225 
2492 0 0 0 0 0 0 0 1209 1228 1216 1213 1231 1213 1224 1228 
2500 0 0 0 0 0 0 0 1213 1226 1222 1213 1229 1213 1222 1226 
2500 0 0 0 0 0 0 0 1211 1225 1219 1211 1232 1214 1217 1228 
2500 0 0 0 0 0 0 0 1209 1224 1222 1211 1229 1214 1216 1228 
2494 0 0 0 0 0 0 0 1211 1224 1223 1211 1229 1214 1214 1229 
2493 0 0 0 0 0 0 0 1213 1224 1224 1211 1228 1215 1213 1228 
2500 0 0 0 0 0 0 0 1213 1224 1224 1209 1229 1216 1213 1229 
2494 0 0 0 0 0 0 0 1213 1217 1226 1209 1228 1217 1213 1231 
2500 0 0 0 0 0 0 0 1216 1216 1226 1209 1228 1222 1213 1231 
2493 0 0 0 0 0 0 0 1215 1216 1228 1209 1225 1222 1213 1229 
2494 0 0 0 0 0 0 0 1216 1214 1229 1209 1225 1224 1211 1229 
2492 0 0 0 0 0 0 0 1216 1214 1229 1211 1224 1224 1211 1228 
2492 0 0 0 0 0 0 0 1217 1214 1229 1213 1224 1225 1209 1229 
2493 0 0 0 0 0 0 0 1217 1213 1229 1213 1219 1225 1209 1228 
2494 0 0 0 0 0 0 0 1223 1211 1229 1213 1217 1228 1209 1228 
2500 0 0 0 0 0 0 0 1224 1211 1229 1214 1219 1228 1209 1226 
2493 0 0 0 0 0 0 0 1224 1209 1228 1214 1215 1229 1209 1225 
2493 0 0 0 0 0 0 0 1225 1209 1229 1214 1216 1229 1209 1224 
2500 0 0 0 0 0 0 0 1226 1209 1228 1216 1214 1229 1209 1224 
2494 0 0 0 0 0 0 0 1228 1209 1228 1217 1213 1229 1211 1224 
2500 0 0 0 0 0 0 0 1228 1209 1228 1217 1211 1231 1213 1222 
2500 0 0 0 0 0 0 0 1228 1209 1228 1222 1211 1229 1213 1217 
2500 0 0 0 0 0 0 0 1228 1209 1224 1222 1211 1229 1214 1215 
2500 0 0 0 0 0 0 0 1229 1211 1225 1223 1211 1229 1214 1214 
2500 0 0 0 0 0 0 0 1231 1211 1222 1224 1211 1229 1216 1214 
2500 0 0 0 0 0 0 0 1229 1211 1223 1225 1211 1229 1216 1214 
2500 0 6 0 0 0 0 0 1233 1213 1219 1225 1209 1229 1217 1213 
2500 0 0 0 0 0 0 0 1233 1213 1217 1228 1209 1228 1217 1211 
2493 0 0 0 0 0 0 0 1233 1214 1216 1228 1211 1228 1224 1209 
2494 0 0 0 0 0 0 0 1231 1214 1214 1228 1211 1225 1224 1211 
2492 0 0 0 0 0 0 0 1231 1214 1215 1229 1211 1224 1225 1211 
2500 0 0 0 0 0 0 0 1231 1217 1214 1229 1213 1223 1225 1211 
2492 0 0 0 0 0 0 0 1229 1216 1213 1229 1213 1224 1226 1209 
2500 0 0 0 0 0 0 0 1229 1216 1211 1231 1213 1222 1228 1211 
2500 0 0 0 0 0 0 0 1228 1222 1213 1229 1214 1217 1228 1209 
2500 0 0 0 0 0 0 0 1228 1222 1211 1229 1214 1216 1229 1209 
2490 0 0 0 0 0 0 0 1226 1223 1209 1229 1215 1215 1229 1209 
2500 0 0 0 0 0 0 0 1224 1224 1209 1231 1216 1214 1229 1209 
2500 0 0 0 0 0 0 0 1224 1224 1209 1229 1216 1213 1229 1213 
2500 0 0 0 0 0 0 0 1223 1226 1211 1228 1222 1213 1229 1211 
2493 0 0 0 0 0 0 0 1217 1226 1209 1228 1222 1211 1229 1213 
2493 0 0 0 0 0 0 0 1216 1228 1209 1228 1222 1211 1229 1213 
2493 0 0 0 0 0 0 0 1216 1228 1209 1226 1224 1209 1231 1214 
2500 0 0 0 0 0 0 0 1214 1229 1211 1224 1224 1209 1229 1215 
2501 0 0 0 0 0 0 0 1214 1229 1209 1223 1225 1209 1229 1216 
2500 0 0 0 0 0 0 0 1213 1229 1213 1223 1228 1209 1229 1216 
2500 0 0 0 0 0 0 0 1222 1229 1213 1217 1228 1209 1228 1222 
2493 0 0 0 0 0 0 0 1204 1229 1213 1216 1228 1209 1228 1217 
2500 0 0 0 0 0 0 0 1213 1229 1214 1216 1229 1211 1226 1224 
2500 0 0 0 0 0 0 0 1211 1229 1215 1214 1229 1209 1224 1224 
2500 0 0 0 0 0 0 0 1213 1228 1215 1214 1229 1211 1225 1225 
2494 0 0 0 0 0 0 0 1213 1229 1216 1213 1229 1213 1222 1225 
2494 0 0 0 0 0 0 0 1211 1228 1217 1213 1229 1214 1217 1228 
2494 0 0 0 0 0 0 0 1211 1226 1217 1213 1231 1213 1217 1228 
2494 0 0 0 0 0 0 0 1211 1224 1223 1211 1231 1214 1216 1228 
2494 0 0 0 0 0 0 0 1213 1224 1224 1211 1229 1214 1215 1228 
2500 0 0 0 0 0 0 0 1211 1222 1225 1209 1229 1216 1214 1229 
2494 0 0 0 0 0 0 0 1213 1222 1224 1209 1229 1216 1214 1228 
2494 0 0 0 0 0 0 0 1209 1217 1224 1209 1228 1217 1213 1229 
2493 0 0 0 0 0 0 0 1229 1216 1226 1209 1228 1217 1213 1229 
2494 0 0 0 0 0 0 0 1216 1216 1229 1211 1226 1222 1211 1229 
2492 0 0 0 0 0 0 0 1215 1214 1229 1211 1226 1224 1209 1232 
2492 0 0 0 0 0 0 0 1216 1214 1229 1209 1224 1224 1209 1229 
2500 0 0 0 0 0 0 0 1217 1213 1231 1213 1222 1224 1209 1228 
2500 0 0 0 0 0 0 0 1222 1213 1229 1213 1217 1228 1211 1228 
2492 0 0 0 0 0 0 0 1222 1211 1229 1213 1217 1228 1209 1229 
2500 0 0 0 0 0 0 0 1225 1211 1231 1213 1217 1228 1209 1226 
2494 0 0 0 0 0 0 0 1225 1209 1229 1214 1216 1228 1209 1226 
2501 0 0 0 0 0 0 0 1228 1209 1228 1214 1215 1229 1209 1224 
2493 0 0 0 0 0 0 0 1228 1209 1228 1216 1214 1229 1211 1222 
2493 0 0 0 0 0 0 0 1228 1209 1228 1217 1214 1229 1213 1222 
2500 0 0 0 0 0 0 0 1229 1209 1228 1222 1213 1229 1214 1219 
2500 0 0 0 0 0 0 0 1229 1209 1225 1222 1211 1229 1213 1217 
2493 0 0 0 0 0 0 0 1232 1209 1225 1224 1209 1229 1214 1216 
2493 0 0 0 0 0 0 0 1231 1209 1224 1225 1209 1228 1215 1214 
2493 0 0 0 0 0 0 0 1229 1209 1224 1228 1209 1229 1216 1213 
2500 0 0 0 0 0 0 0 1233 1211 1224 1224 1209 1228 1217 1214 
2500 0 0 0 0 0 0 0 1233 1213 1217 1228 1209 1228 1222 1214 
2493 0 0 0 0 0 0 0 1231 1211 1222 1228 1209 1226 1223 1213 
2500 0 0 0 0 0 0 0 1233 1213 1216 1228 1209 1228 1223 1211 
2500 0 0 0 0 0 0 0 1234 1214 1216 1233 1211 1226 1224 1211 
2493 0 0 0 0 0 0 0 1229 1215 1214 1229 1211 1224 1228 1211 
2494 0 0 0 0 0 0 0 1229 1215 1213 1229 1211 1224 1226 1209 
2492 0 0 0 0 0 0 0 1228 1217 1211 1229 1213 1217 1226 1209 
2494 0 0 0 0 0 0 0 1228 1217 1211 1229 1213 1217 1228 1209 
2492 0 0 0 0 0 0 0 1226 1222 1209 1229 1214 1216 1229 1209 
2500 0 0 0 0 0 0 0 1228 1224 1211 1229 1216 1216 1229 1209 
2500 0 0 0 0 0 0 0 1226 1224 1209 1228 1215 1214 1229 1211 
2500 0 0 0 0 0 0 0 1224 1225 1209 1229 1217 1213 1231 1213 
2500 0 0 0 0 0 0 0 1222 1225 1209 1228 1217 1213 1228 1213 
2494 0 0 0 0 0 0 0 1222 1228 1209 1226 1219 1213 1231 1213 
2494 0 0 0 0 0 0 0 1222 1228 1209 1228 1222 1213 1231 1214 
2500 0 0 0 0 0 0 0 1216 1228 1211 1224 1224 1211 1229 1214 
2500 0 0 0 0 0 0 0 1216 1229 1213 1223 1224 1209 1229 1216 
2493 0 0 0 0 0 0 0 1214 1228 1211 1222 1226 1209 1228 1216 
2493 0 0 0 0 0 0 0 1214 1229 1213 1222 1224 1209 1228 1219 
2492 0 0 0 0 0 0 0 1214 1228 1213 1216 1228 1224 1226 1224 
2494 0 0 0 0 0 0 0 1211 1229 1214 1217 1228 1216 1225 1222 
2500 0 0 0 0 0 0 0 1211 1228 1215 1215 1229 1211 1225 1223 
2501 0 0 0 0 0 0 0 1209 1228 1216 1213 1228 1211 1225 1228 
2493 0 0 0 0 0 0 0 1211 1228 1217 1214 1229 1213 1224 1225 
2500 0 0 0 0 0 0 0 1213 1228 1222 1216 1234 1213 1222 1228 
2500 0 0 0 0 0 0 0 1211 1228 1223 1211 1231 1214 1216 1228 
2493 0 0 0 0 0 0 0 1211 1225 1219 1209 1228 1213 1217 1216 
2493 0 0 0 0 0 0 0 1211 1225 1224 1211 1229 1214 1214 1228 
2500 0 0 0 0 0 0 0 1211 1222 1234 1209 1229 1215 1214 1229 
2493 0 0 0 0 0 0 0 1214 1223 1225 1209 1228 1216 1214 1229 
2500 0 0 0 0 0 0 0 1214 1223 1225 1211 1216 1217 1213 1231 
2494 0 0 0 0 0 0 0 1213 1217 1228 1209 1228 1217 1206 1228 
2500 0 0 0 0 0 0 0 1213 1216 1228 1209 1225 1222 1211 1231 
2500 0 0 0 0 0 0 0 1217 1214 1228 1209 1225 1225 1211 1229 
2500 0 0 0 0 0 0 0 1217 1214 1228 1209 1224 1224 1209 1228 
2500 0 0 0 0 0 0 0 1216 1213 1229 1209 1224 1224 1209 1229 
2492 0 0 0 0 0 0 0 1222 1213 1229 1213 1217 1225 1209 1229 
2493 0 0 0 0 0 0 0 1224 1211 1229 1213 1222 1228 1211 1228 
2493 0 0 0 0 0 0 0 1224 1209 1229 1214 1216 1228 1209 1225 
2494 0 0 0 0 0 0 0 1225 1209 1231 1214 1215 1228 1209 1225 
2492 0 0 0 0 0 0 0 1225 1209 1229 1216 1214 1229 1211 1224 
2494 0 0 0 0 0 0 0 1226 1209 1228 1216 1214 1231 1211 1224 
2500 0 0 0 0 0 0 0 1228 1209 1229 1217 1213 1231 1211 1224 
2493 0 0 0 0 0 0 0 1229 1209 1228 1217 1213 1231 1213 1217 
2493 0 0 0 0 0 0 0 1229 1209 1225 1217 1211 1229 1213 1216 
2492 0 0 0 0 0 0 0 1229 1209 1225 1222 1211 1229 1214 1216 
2500 0 0 0 0 0 0 0 1229 1209 1224 1224 1209 1229 1214 1216 
2493 0 0 0 0 0 0 0 1229 1209 1224 1225 1209 1229 1215 1214 
2500 0 0 0 0 0 0 0 1229 1211 1222 1226 1211 1229 1217 1213 
2500 0 0 0 0 0 0 0 1234 1211 1217 1226 1209 1229 1216 1211 
2494 0 0 0 0 0 0 0 1233 1213 1216 1228 1209 1225 1222 1211 
2493 0 0 0 0 0 0 0 1233 1213 1215 1229 1211 1225 1224 1211 
2493 0 0 0 0 0 0 0 1232 1214 1214 1231 1209 1224 1224 1209 
2493 0 0 0 0 0 0 0 1229 1215 1213 1231 1209 1223 1226 1211 
2494 0 0 0 0 0 0 0 1231 1217 1213 1231 1211 1223 1225 1209 
2494 0 0 0 0 0 0 0 1231 1219 1211 1234 1213 1224 1228 1209 
2492 0 0 0 0 0 0 0 1228 1222 1209 1229 1214 1217 1228 1209 
2494 0 0 0 0 0 0 0 1228 1223 1209 1229 1214 1215 1228 1209 
2500 0 0 0 0 0 0 0 1228 1224 1209 1229 1215 1213 1229 1213 
2493 0 0 0 0 0 0 0 1224 1225 1209 1229 1216 1213 1229 1213 
2500 0 0 0 0 0 0 0 1223 1224 1209 1228 1216 1213 1231 1213 
2494 0 0 0 0 0 0 0 1222 1225 1209 1228 1216 1213 1231 1213 
2500 0 0 0 0 0 0 0 1222 1228 1209 1228 1222 1213 1234 1213 
2500 0 0 0 0 0 0 0 1217 1228 1209 1228 1223 1211 1234 1214 
2494 0 0 0 0 0 0 0 1216 1229 1209 1225 1224 1209 1232 1215 
2493 0 0 0 0 0 0 0 1215 1228 1213 1224 1225 1209 1229 1215 
2493 0 0 0 0 0 0 0 1213 1229 1213 1224 1225 1209 1229 1217 
2493 0 0 0 0 0 0 0 1213 1229 1213 1222 1228 1209 1228 1217 
2493 0 0 0 0 0 0 0 1213 1231 1214 1216 1228 1209 1228 1214 
2494 0 0 0 0 0 0 0 1213 1231 1204 1215 1228 1209 1214 1224 
2502 0 0 0 0 0 0 0 1213 1229 1214 1214 1229 1209 1224 1224 
2500 0 0 0 0 0 0 0 1213 1228 1214 1214 1229 1209 1224 1224 
2493 0 0 0 0 0 0 0 1213 1228 1216 1201 1229 1211 1223 1228 
2493 0 0 0 0 0 0 0 1211 1228 1217 1213 1231 1213 1215 1228 
2493 0 0 0 0 0 0 0 1211 1224 1217 1211 1232 1214 1224 1228 
2493 0 0 0 0 0 0 0 1211 1225 1223 1209 1231 1211 1216 1229 
2493 0 0 0 0 0 0 0 1213 1225 1224 1209 1231 1214 1215 1228 
2500 0 0 0 0 0 0 0 1213 1222 1234 1209 1229 1216 1214 1231 
2500 0 0 0 0 0 0 0 1213 1222 1225 1209 1229 1216 1213 1229 
2493 0 0 0 0 0 0 0 1214 1217 1228 1209 1228 1229 1213 1229 
2494 0 0 0 0 0 0 0 1214 1216 1228 1211 1228 1223 1214 1229 
2494 0 0 0 0 0 0 0 1216 1215 1217 1213 1228 1224 1209 1224 
2500 0 0 0 0 0 0 0 1216 1214 1229 1209 1224 1225 1209 1229 
2493 0 0 0 0 0 0 0 1216 1213 1229 1209 1224 1226 1207 1231 
2493 0 0 0 0 0 0 0 1217 1213 1229 1209 1222 1228 1209 1229 
2494 0 0 0 0 0 0 0 1222 1209 1231 1213 1217 1228 1209 1228 
2500 0 0 0 0 0 0 0 1225 1209 1231 1214 1216 1228 1209 1228 
2493 0 0 0 0 0 0 0 1224 1209 1229 1214 1216 1229 1209 1225 
2500 0 0 0 0 0 0 0 1224 1209 1231 1215 1214 1229 1209 1225 
2493 0 0 0 0 0 0 0 1228 1209 1231 1216 1214 1229 1213 1224 
2493 0 0 0 0 0 0 0 1229 1209 1229 1216 1213 1231 1214 1224 
2500 0 0 0 0 0 0 0 1229 1207 1228 1223 1213 1232 1213 1217 
2493 0 0 0 0 0 0 0 1229 1209 1226 1222 1213 1231 1213 1216 
2492 0 0 0 0 0 0 0 1232 1209 1225 1222 1211 1229 1213 1216 
2500 0 0 0 0 0 0 0 1234 1209 1224 1224 1209 1229 1215 1215 
2500 0 0 0 0 0 0 0 1234 1209 1224 1226 1209 1229 1214 1214 
2494 0 0 0 0 0 0 0 1231 1211 1222 1225 1209 1228 1216 1214 
2500 0 0 0 0 0 0 0 1234 1211 1222 1228 1209 1228 1217 1211 
2500 0 0 0 0 0 0 0 1233 1213 1216 1228 1209 1228 1222 1211 
2493 0 0 0 0 0 0 0 1234 1214 1216 1229 1207 1225 1223 1211 
2492 0 0 0 0 0 0 0 1231 1214 1215 1229 1211 1224 1224 1209 
2500 0 0 0 0 0 0 0 1231 1214 1213 1229 1211 1224 1224 1209 
2494 0 0 0 0 0 0 0 1231 1216 1211 1232 1211 1223 1228 1209 
2492 0 0 0 0 0 0 0 1229 1216 1213 1231 1213 1222 1228 1209 
2493 0 0 0 0 0 0 0 1228 1222 1209 1231 1213 1217 1228 1209 
2492 0 0 0 0 0 0 0 1225 1222 1209 1229 1213 1216 1228 1209 
2493 0 0 0 0 0 0 0 1225 1223 1209 1231 1214 1216 1229 1209 
2494 0 0 0 0 0 0 0 1225 1224 1209 1229 1215 1213 1231 1209 
2500 0 0 0 0 0 0 0 1224 1225 1209 1228 1216 1213 1229 1211 
2500 0 0 0 0 0 0 0 1223 1226 1207 1228 1217 1213 1232 1211 
2493 0 0 0 0 0 0 0 1222 1228 1207 1226 1223 1211 1229 1213 
2500 0 0 0 0 0 0 0 1216 1228 1209 1226 1224 1209 1231 1214 
2493 0 0 0 0 0 0 0 1216 1229 1209 1224 1224 1209 1229 1214 
2500 0 0 0 0 0 0 0 1215 1229 1209 1224 1224 1209 1229 1216 
2500 0 0 0 0 0 0 0 1214 1229 1209 1222 1228 1209 1229 1216 
2494 0 0 0 0 0 0 0 1214 1231 1211 1217 1228 1207 1228 1217 
2493 0 0 0 0 0 0 0 1213 1231 1213 1217 1228 1209 1228 1217 
2492 0 0 0 0 0 0 0 1211 1229 1214 1216 1228 1209 1228 1223 
2500 0 0 0 0 0 0 0 1213 1229 1214 1214 1229 1211 1228 1224 
2494 0 0 0 0 0 0 0 1211 1229 1214 1213 1229 1211 1224 1225 
2494 0 0 0 0 0 0 0 1211 1228 1216 1213 1231 1213 1224 1225 
2493 0 0 0 0 0 0 0 1211 1226 1217 1213 1231 1213 1219 1228 
2500 0 0 0 0 0 0 0 1213 1228 1222 1211 1231 1213 1217 1229 
2493 0 0 0 0 0 0 0 1209 1225 1223 1213 1231 1213 1216 1228 
2493 0 0 0 0 0 0 0 1211 1224 1224 1209 1231 1214 1216 1229 
2500 0 0 0 0 0 0 0 1213 1223 1224 1209 1229 1216 1214 1229 
2493 0 0 0 0 0 0 0 1213 1222 1224 1207 1229 1216 1214 1231 
2493 0 0 0 0 0 0 0 1214 1217 1228 1209 1229 1217 1213 1231 
2501 0 0 0 0 0 0 0 1213 1216 1228 1209 1228 1222 1213 1229 
2493 0 0 0 0 0 0 0 1214 1216 1228 1209 1226 1224 1211 1232 
2500 0 0 0 0 0 0 0 1215 1214 1228 1211 1225 1224 1209 1231 
2494 0 0 0 0 0 0 0 1222 1214 1229 1209 1223 1225 1209 1231 
2494 0 0 0 0 0 0 0 1222 1213 1228 1211 1222 1228 1209 1229 
2500 0 0 0 0 0 0 0 1222 1211 1229 1213 1222 1226 1209 1229 
2494 0 0 0 0 0 0 0 1224 1211 1229 1213 1217 1228 1211 1228 
2493 0 0 0 0 0 0 0 1224 1209 1228 1214 1216 1229 1209 1226 
2493 0 0 0 0 0 0 0 1225 1209 1229 1215 1216 1229 1213 1228 
2500 0 0 0 0 0 0 0 1228 1209 1231 1215 1214 1229 1211 1224 
2493 0 0 0 0 0 0 0 1229 1209 1229 1217 1214 1231 1209 1222 
2500 0 0 0 0 0 0 0 1228 1207 1229 1222 1213 1231 1213 1217 
2494 0 0 0 0 0 0 0 1229 1209 1228 1223 1211 1229 1214 1217 
2492 0 0 0 0 0 0 0 1231 1209 1225 1224 1213 1231 1214 1216 
2492 0 0 0 0 0 0 0 1231 1209 1225 1224 1211 1231 1215 1215 
2494 0 0 0 0 0 0 0 1232 1209 1224 1225 1209 1231 1216 1214 
2500 0 0 0 0 0 0 0 1234 1211 1217 1225 1209 1229 1216 1213 
2494 0 0 0 0 0 0 0 1233 1211 1219 1228 1209 1229 1217 1213 
2491 0 0 0 0 0 0 0 1234 1213 1217 1229 1209 1226 1222 1211 
2501 0 0 0 5 0 0 0 1232 1213 1215 1229 1211 1226 1224 1209 
2494 0 0 0 0 0 0 0 1231 1214 1216 1229 1209 1224 1225 1209 
2500 0 0 0 0 0 0 0 1233 1215 1213 1229 1211 1224 1225 1209 
2492 0 0 0 0 0 0 0 1231 1216 1213 1229 1211 1223 1225 1209 
2493 0 0 0 0 0 0 0 1231 1217 1211 1231 1213 1222 1228 1209 
2500 0 0 0 0 0 0 0 1229 1222 1211 1231 1213 1216 1229 1209 
2500 0 0 0 0 0 0 0 1228 1224 1209 1229 1214 1217 1229 1209 
2492 0 0 0 0 0 0 0 1228 1224 1211 1231 1214 1214 1229 1209 
2494 0 0 0 0 0 0 0 1224 1225 1209 1231 1215 1214 1229 1209 
2500 0 0 0 0 0 0 0 1224 1225 1209 1229 1216 1213 1231 1211 
2494 0 0 0 0 0 0 0 1224 1228 1207 1228 1217 1213 1231 1211 
2490 0 0 0 0 0 0 0 1222 1228 1209 1228 1224 1209 1229 1213 
2500 0 0 0 0 0 0 0 1217 1228 1209 1228 1224 1211 1229 1214 
2494 0 0 0 0 0 0 0 1215 1229 1209 1225 1225 1209 1228 1215 
2500 0 0 0 0 0 0 0 1214 1228 1211 1224 1225 1209 1229 1217 
2500 0 0 0 0 0 0 0 1214 1228 1211 1224 1226 1209 1229 1216 
2492 0 0 0 0 0 0 0 1213 1229 1213 1216 1228 1209 1228 1217 
2500 0 0 0 0 0 0 0 1213 1232 1213 1216 1228 1209 1226 1222 
2500 0 0 0 0 0 0 0 1211 1228 1213 1216 1228 1211 1228 1224 
2493 0 0 0 0 0 0 0 1211 1229 1214 1214 1229 1209 1224 1224 
2500 0 0 0 0 0 0 0 1209 1229 1215 1213 1231 1211 1224 1225 
2493 0 0 0 0 0 0 0 1209 1228 1217 1213 1231 1211 1222 1228 
2500 0 0 0 0 0 0 0 1211 1228 1216 1211 1231 1213 1217 1228 
2493 0 0 0 0 0 0 0 1211 1225 1222 1211 1229 1213 1216 1228 
2500 0 0 0 0 0 0 0 1211 1224 1224 1209 1231 1214 1216 1231 
2501 0 0 0 0 0 0 0 1213 1224 1224 1209 1229 1215 1214 1229 
2493 0 0 0 0 0 0 0 1213 1224 1226 1209 1228 1215 1214 1231 
2500 0 0 0 0 0 0 0 1214 1222 1226 1209 1228 1222 1213 1229 
2494 0 0 0 0 0 0 0 1214 1216 1228 1209 1228 1222 1211 1229 
2493 0 0 0 0 0 0 0 1215 1216 1228 1209 1225 1219 1211 1231 
2500 0 0 0 0 0 0 0 1216 1215 1229 1209 1225 1224 1211 1229 
2493 0 0 0 0 0 0 0 1217 1214 1229 1211 1224 1224 1209 1229 
2494 0 0 0 0 0 0 0 1217 1211 1229 1211 1223 1225 1209 1229 
2494 0 0 0 0 0 0 0 1222 1213 1231 1213 1217 1228 1209 1228 
2500 0 0 0 0 0 0 0 1223 1209 1231 1213 1216 1228 1209 1228 
2500 0 0 0 0 0 0 0 1224 1209 1231 1214 1216 1228 1209 1226 
2500 0 0 0 0 0 0 0 1224 1209 1228 1215 1214 1228 1209 1224 
2494 0 0 0 0 0 0 0 1226 1209 1229 1215 1214 1229 1213 1223 
2500 0 0 0 0 0 0 0 1228 1207 1228 1217 1213 1229 1213 1222 
2494 0 0 0 0 0 0 0 1229 1211 1228 1217 1213 1229 1213 1217 
2492 0 0 0 0 0 0 0 1229 1209 1228 1223 1211 1231 1213 1217 
2500 0 0 0 0 0 0 0 1231 1209 1225 1224 1211 1231 1215 1216 
2492 0 0 0 0 0 0 0 1231 1209 1225 1225 1209 1229 1215 1214 
2500 0 0 0 0 0 0 0 1231 1209 1224 1225 1207 1229 1215 1214 
2492 0 0 0 0 0 0 0 1234 1211 1222 1228 1209 1229 1216 1214 
2494 0 0 0 0 0 0 0 1233 1211 1217 1228 1209 1229 1219 1213 
2493 0 0 0 0 0 0 0 1233 1213 1217 1228 1209 1228 1222 1211 
2500 0 0 0 0 0 0 0 1233 1214 1216 1229 1209 1228 1222 1211 
2492 0 0 0 0 0 0 0 1231 1214 1214 1229 1209 1224 1224 1209 
2487 0 0 0 0 0 0 0 1231 1215 1214 1229 1209 1225 1225 1209 
2503 0 0 0 0 0 0 0 1232 1217 1213 1231 1213 1223 1225 1209 
2500 0 0 0 0 0 0 0 1229 1222 1213 1229 1213 1222 1228 1209 
2492 0 0 0 0 0 0 0 1228 1222 1211 1229 1214 1216 1228 1209 
