16:42:53:504 -> 0;32mI (242) heap_init: Initializing. RAM available for dynamic 
2480 0 0 0 0 0 0 2479 1224 1242 1186 1245 1245 1191 1245 1209 
16:42:53:504 -> 2479 0 0 0 0 0 0 2477 1229 1241 1186 1245 1241 1184 1241 1206 
16:42:53:504 -> 2479 0 0 0 0 0 0 2478 1217 1228 1178 1242 1231 1182 1239 1199 
16:42:53:504 -> 2479 0 0 0 0 0 0 2479 1209 1222 1178 1234 1228 1178 1234 1194 
16:42:53:504 -> 2480 0 0 0 0 0 0 2477 1204 1222 1175 1236 1222 1170 1229 1191 
16:42:53:504 -> 2479 0 0 0 0 0 0 2477 1196 1209 1169 1229 1220 1173 1234 1194 
16:42:53:504 -> 2479 0 0 0 0 0 0 2477 1207 1229 1179 1233 1228 1183 1243 1194 
16:42:53:504 -> 2479 0 0 0 0 0 0 2479 1211 1229 1178 1236 1228 1182 1239 1194 
16:42:53:504 -> 2479 0 0 0 0 0 0 2478 1213 1231 1183 1239 1232 1184 1245 1198 
16:42:53:504 -> 2480 0 0 0 0 0 0 2478 1219 1232 1185 1243 1234 1194 1248 1196 
16:42:53:504 -> 2479 0 0 0 0 0 0 2478 1226 1241 1185 1242 1239 1191 1245 1202 
16:42:53:504 -> 2479 0 0 0 0 0 0 2479 1224 1232 1184 1248 1234 1186 1248 1204 
16:42:53:504 -> 2479 0 0 0 0 0 0 2477 1229 1236 1191 1245 1234 1191 1245 1201 
16:42:53:504 -> 2479 0 0 0 0 0 0 2479 1228 1231 1184 1245 1232 1185 1243 1198 
16:42:53:504 -> 2479 0 0 0 0 0 0 2477 1224 1231 1184 1242 1229 1183 1242 1194 
16:42:53:504 -> 2479 0 0 0 0 0 0 2479 1222 1222 1178 1239 1224 1183 1243 1194 
16:42:53:504 -> 2479 0 0 0 0 0 0 2479 1222 1229 1184 1243 1224 1188 1245 1194 
16:42:53:504 -> 2479 0 0 0 0 0 0 2479 1224 1231 1186 1245 1234 1194 1245 1199 
16:42:53:504 -> 2479 0 0 0 0 0 0 2479 1233 1232 1185 1248 1239 1191 1245 1202 
16:42:53:504 -> 2481 0 0 0 0 0 0 2479 1234 1232 1186 1245 1234 1194 1245 1198 
16:42:53:504 -> 2480 0 0 0 0 0 0 2479 1234 1234 1186 1248 1239 1194 1248 1202 
16:42:53:504 -> 2479 0 0 0 0 0 0 2479 1236 1232 1191 1251 1236 1195 1253 1206 
16:42:53:504 -> 2480 0 0 0 0 0 0 2479 1241 1234 1195 1255 1241 1199 1255 1206 
16:42:53:504 -> 2481 0 0 0 0 0 0 2479 1242 1236 1198 1257 1239 1199 1259 1206 
16:42:53:504 -> 2481 0 0 0 0 0 0 2479 1243 1243 1202 1255 1236 1202 1257 1202 
16:42:53:504 -> 2480 0 0 0 0 0 0 2479 1232 1232 1196 1251 1232 1199 1253 1194 
16:42:53:504 -> 2479 0 0 0 0 0 0 2479 1234 1234 1194 1243 1224 1196 1248 1191 
16:42:53:504 -> 2480 0 0 0 0 0 0 2479 1234 1229 1191 1242 1228 1194 1245 1191 
16:42:53:504 -> 2479 0 0 0 0 0 0 2477 1234 1229 1186 1242 1224 1192 1245 1191 
16:42:53:504 -> 2479 0 0 0 0 0 0 2479 1232 1222 1184 1241 1229 1194 1245 1192 
16:42:53:504 -> 2481 0 0 0 0 0 0 2479 1237 1229 1189 1242 1228 1191 1243 1191 
16:42:53:504 -> 2479 0 0 0 0 0 0 2479 1232 1217 1184 1243 1219 1188 1245 1191 
16:42:53:504 -> 2481 0 0 0 0 0 0 2479 1231 1219 1191 1245 1219 1194 1248 1191 
16:42:53:504 -> 2479 0 0 0 0 0 0 2479 1233 1222 1194 1245 1222 1198 1248 1192 
16:42:53:504 -> 2480 0 0 0 0 0 0 2479 1236 1228 1201 1251 1224 1198 1251 1198 
16:42:53:504 -> 2481 0 0 0 0 0 0 2479 1239 1222 1199 1253 1229 1204 1257 1199 
16:42:53:504 -> 2480 0 0 0 0 0 0 2479 1245 1231 1202 1255 1229 1202 1255 1199 
16:42:53:504 -> 2479 0 0 0 0 0 0 2479 1246 1228 1202 1255 1232 1204 1254 1202 
16:42:53:504 -> 2479 0 0 0 0 0 0 2478 1246 1228 1204 1253 1225 1202 1253 1196 
16:42:53:504 -> 2479 0 0 0 0 0 0 2479 1239 1219 1199 1248 1219 1198 1253 1198 
16:42:53:504 -> 2479 0 0 0 0 0 0 2478 1245 1223 1206 1258 1228 1209 1260 1202 
16:42:53:504 -> 2480 0 0 0 0 0 0 2477 1248 1228 1209 1257 1228 1209 1259 1199 
16:42:53:504 -> 2479 0 0 0 0 0 0 2479 1248 1232 1209 1255 1229 1206 1249 1194 
16:42:53:504 -> 2480 0 0 0 0 0 0 2479 1246 1222 1204 1251 1226 1206 1250 1194 
16:42:53:504 -> 2479 0 0 0 0 0 0 2478 1248 1222 1204 1248 1223 1202 1245 1194 
16:42:53:504 -> 2482 0 0 0 0 0 0 2478 1245 1206 1196 1248 1217 1196 1243 1194 
16:42:53:504 -> 2479 0 0 0 0 0 0 2478 1245 1209 1198 1245 1209 1204 1248 1194 
16:42:53:504 -> 2480 0 0 0 0 0 0 2479 1245 1206 1198 1251 1219 1204 1253 1202 
16:42:53:504 -> 2479 0 0 0 0 0 0 2478 1253 1217 1206 1257 1219 1204 1253 1202 
16:42:53:504 -> 2480 0 0 0 0 0 0 2479 1248 1209 1209 1253 1217 1206 1257 1199 
16:42:53:504 -> 2479 0 0 0 0 0 0 2479 1248 1219 1217 1248 1219 1217 1249 1194 
16:42:53:504 -> 2480 0 0 0 0 0 0 2479 1248 1213 1206 1245 1219 1209 1245 1192 
16:42:53:504 -> 2479 0 0 0 0 0 0 2479 1251 1213 1206 1245 1219 1209 1245 1194 
16:42:53:504 -> 2479 0 0 0 0 0 0 2478 1251 1206 1204 1242 1217 1219 1245 1192 
16:42:53:504 -> 2479 0 0 0 0 0 0 2479 1251 1209 1206 1245 1209 1207 1243 1191 
16:42:53:504 -> 2481 0 0 0 0 0 0 2477 1248 1201 1201 1245 1209 1209 1243 1194 
16:42:53:504 -> 2479 0 0 0 0 0 0 2479 1254 1211 1209 1245 1206 1209 1245 1195 
16:42:53:504 -> 2481 0 0 0 0 0 0 2479 1257 1206 1209 1243 1209 1217 1242 1194 
16:42:53:504 -> 2479 0 0 0 0 0 0 2478 1255 1209 1209 1241 1209 1222 1243 1194 
16:42:53:504 -> 2479 0 0 0 0 0 0 2479 1255 1206 1209 1243 1209 1219 1243 1194 
16:42:53:504 -> 2479 0 0 0 0 0 0 2479 1255 1207 1217 1241 1206 1219 1243 1194 
16:42:53:504 -> 2479 0 0 0 0 0 0 2477 1251 1204 1213 1241 1209 1222 1239 1191 
16:42:53:504 -> 2479 0 0 0 0 0 0 2478 1255 1202 1209 1233 1202 1217 1241 1191 
16:42:56:904 -> 2479 0 0 0 0 0 0 2479 1253 1202 1213 1234 1204 1222 1236 1192 
16:42:56:904 -> 2479 0 0 0 0 0 0 2477 1259 1204 1222 1241 1206 1220 1236 1194 
16:42:56:904 -> 2479 0 0 0 0 0 0 2477 1251 1199 1222 1241 1209 1229 1242 1196 
16:42:56:904 -> 2479 0 0 0 0 0 0 2475 1258 1209 1228 1239 1206 1229 1242 1195 
16:42:56:904 -> 2479 0 0 0 0 0 0 2477 1259 1206 1226 1239 1209 1234 1248 1202 
16:42:56:904 -> 2479 0 0 0 0 0 0 2477 1266 1217 1231 1245 1219 1234 1248 1206 
16:42:56:904 -> 2479 0 0 0 0 0 0 2479 1268 1211 1234 1245 1224 1241 1245 1206 
16:42:56:904 -> 2479 0 0 0 0 0 0 2477 1272 1209 1234 1246 1219 1243 1248 1209 
16:42:56:904 -> 2479 0 0 0 0 0 0 2479 1273 1209 1234 1248 1219 1242 1328 1206 
16:42:56:904 -> 2479 0 0 0 0 0 0 2479 1276 1216 1241 1248 1219 1243 1248 1217 
16:42:56:904 -> 2479 0 0 0 0 0 0 2477 1271 1209 1241 1248 1224 1248 1248 1209 
16:42:56:904 -> 2480 0 0 0 0 0 0 2477 1268 1213 1245 1246 1222 1245 1245 1213 
16:42:56:904 -> 2479 0 0 0 0 0 0 2479 1268 1204 1241 1245 1217 1242 1248 1209 
16:42:56:904 -> 2479 0 0 0 0 0 0 2479 1271 1213 1245 1245 1209 1245 1245 1209 
16:42:56:904 -> 2479 0 0 0 0 0 0 2479 1271 1209 1245 1245 1213 1245 1245 1217 
16:42:56:904 -> 2479 0 0 0 0 0 0 2478 1276 1224 1245 1245 1209 1245 1245 1219 
16:42:56:904 -> 2479 0 0 0 0 0 0 2479 1274 1207 1245 1248 1209 1251 1242 1222 
16:42:56:904 -> 2480 0 0 0 0 0 0 2478 1276 1219 1249 1248 1219 1255 1251 1222 
16:42:56:904 -> 2480 0 0 0 0 0 0 2479 1278 1209 1248 1245 1217 1254 1245 1222 
16:42:56:904 -> 2479 0 0 0 0 0 0 2479 1278 1219 1251 1245 1209 1248 1241 1220 
16:42:56:904 -> 2479 0 0 0 0 0 0 2479 1272 1209 1248 1242 1211 1251 1239 1213 
16:42:56:904 -> 2479 0 0 0 0 0 0 2477 1273 1213 1251 1242 1213 1253 1242 1224 
16:42:56:904 -> 2479 0 0 0 0 0 0 2477 1272 1206 1251 1248 1219 1259 1245 1228 
16:42:56:904 -> 2479 0 0 0 0 0 0 2477 1278 1220 1257 1243 1213 1259 1246 1229 
16:42:56:904 -> 2479 0 0 0 0 0 0 2478 1278 1222 1268 1245 1206 1268 1269 1246 
16:42:56:904 -> 2480 0 0 0 0 0 0 2479 1282 1206 1251 1248 1219 1257 1253 1239 
16:42:56:904 -> 2479 0 0 0 0 0 0 2478 1274 1206 1257 1245 1223 1257 1234 1213 
16:42:56:904 -> 2479 0 0 0 0 0 0 2478 1268 1207 1242 1228 1222 1259 1229 1225 
16:42:56:904 -> 2479 0 0 0 0 0 0 2477 1271 1191 1245 1242 1204 1246 1229 1219 
16:42:56:904 -> 2479 0 0 0 0 0 0 2479 1260 1186 1241 1234 1198 1245 1234 1229 
16:42:56:904 -> 2479 0 0 0 0 0 0 2479 1260 1191 1245 1229 1185 1246 1243 1220 
16:42:56:904 -> 2479 0 0 0 0 0 0 2478 1259 1209 1255 1219 1196 1248 1222 1209 
16:42:56:904 -> 2479 0 0 0 0 0 0 2479 1259 1198 1248 1232 1204 1251 1224 1213 
16:42:56:904 -> 2479 0 0 0 0 0 43 2479 1258 1194 1248 1222 1194 1245 1219 1209 
16:43:03:304 -> 2479 0 0 0 0 0 0 2479 1251 1191 1242 1202 1178 1233 1204 1195 
16:43:03:304 -> 2479 0 0 0 0 0 0 2479 1239 1182 1232 1198 1173 1225 1191 1185 
16:43:03:304 -> 2477 0 0 0 0 0 0 2479 1229 1170 1228 1186 1170 1229 1198 1194 
16:43:03:304 -> 2479 0 0 0 0 0 0 2477 1232 1178 1236 1194 1173 1241 1206 1201 
16:43:03:304 -> 2479 0 0 0 0 0 0 2479 1245 1186 1234 1204 1194 1251 1211 1217 
16:43:03:304 -> 2480 0 0 0 0 0 0 2477 1251 1184 1234 1206 1185 1236 1198 1204 
16:43:03:304 -> 2479 0 0 0 0 0 0 2477 1241 1178 1236 1198 1182 1236 1202 1207 
16:43:03:304 -> 2479 0 0 0 0 0 0 2479 1246 1182 1231 1196 1182 1232 1194 1186 
16:43:03:304 -> 2480 0 0 0 0 0 0 2478 1231 1172 1226 1191 1183 1236 1196 1209 
16:43:03:304 -> 2480 0 0 0 0 0 0 2479 1255 1194 1245 1209 1206 1259 1213 1234 
16:43:03:304 -> 2481 0 0 0 0 0 0 2479 1266 1192 1242 1224 1222 1259 1206 1222 
16:43:03:304 -> 2481 0 0 0 0 0 0 2479 1261 1199 1248 1217 1204 1253 1206 1222 
16:43:03:304 -> 2479 0 0 0 0 0 0 2479 1251 1185 1233 1196 1173 1228 1184 1191 
16:43:03:304 -> 2480 0 0 0 0 0 0 2479 1219 1160 1217 1178 1167 1224 1183 1199 
16:43:03:304 -> 2479 0 0 0 0 0 0 2478 1228 1172 1228 1191 1178 1232 1185 1198 
16:43:03:304 -> 2479 0 0 0 0 0 0 2479 1231 1173 1223 1183 1172 1228 1182 1194 
16:43:03:304 -> 2479 0 0 0 0 0 0 2479 1222 1167 1224 1183 1170 1228 1183 1198 
16:43:03:304 -> 2479 0 0 0 0 0 0 2477 1222 1169 1224 1178 1170 1226 1178 1194 
16:43:03:304 -> 2479 0 0 0 0 0 0 2479 1217 1162 1219 1173 1167 1228 1178 1194 
16:43:03:304 -> 2479 0 0 0 0 0 0 2477 1213 1169 1222 1173 1162 1209 1160 1178 
16:43:03:304 -> 2480 0 0 0 0 0 0 2479 1198 1149 1204 1160 1148 1206 1160 1178 
16:43:03:304 -> 2479 0 0 0 0 0 0 2477 1198 1157 1209 1163 1160 1217 1173 1191 
16:43:03:304 -> 2481 0 0 0 0 0 0 2478 1206 1163 1222 1175 1170 1232 1186 1206 
16:43:03:304 -> 2479 0 0 0 0 0 0 2479 1231 1186 1245 1194 1186 1248 1196 1217 
16:43:03:304 -> 2479 0 0 0 0 0 0 2479 1234 1185 1241 1191 1185 1241 1191 1209 
16:43:03:304 -> 2479 0 0 0 0 0 0 2479 1228 1179 1231 1184 1178 1231 1182 1209 
16:43:03:304 -> 2480 0 0 0 0 0 0 2477 1226 1178 1239 1191 1183 1243 1198 1231 
16:43:03:304 -> 2479 0 0 0 0 0 0 2478 1242 1199 1253 1206 1206 1266 1219 1245 
16:43:03:304 -> 2479 0 0 0 0 0 0 2477 1257 1209 1268 1228 1224 1278 1232 1259 
16:43:03:304 -> 2479 0 0 0 0 0 0 2479 1269 1229 1281 1232 1222 1279 1234 1260 
16:43:03:304 -> 2479 0 0 0 0 0 0 2478 1268 1225 1278 1232 1231 1282 1231 1260 
16:43:03:304 -> 2479 0 0 0 0 0 0 2479 1268 1222 1272 1229 1229 1279 1228 1259 
16:43:03:304 -> 2480 0 0 0 0 0 0 2479 1260 1219 1276 1224 1219 1272 1226 1255 
16:43:03:304 -> 2479 0 0 0 0 0 0 2479 1253 1217 1272 1220 1219 1268 1217 1255 
16:43:03:304 -> 2479 0 0 0 0 0 0 2479 1251 1206 1258 1206 1202 1257 1209 1248 
16:43:03:304 -> 2479 0 0 0 0 0 0 2479 1248 1206 1258 1206 1206 1257 1206 1243 
16:43:03:304 -> 2479 0 0 0 0 0 0 2479 1243 1202 1251 1198 1199 1246 1185 1222 
16:43:03:304 -> 2479 0 0 0 0 0 0 2479 1222 1186 1239 1185 1183 1232 1178 1219 
16:43:03:304 -> 2479 0 0 0 0 0 0 2478 1209 1172 1228 1182 1186 1234 1178 1222 
16:43:03:304 -> 2479 0 0 0 0 0 0 2479 1213 1178 1229 1175 1178 1229 1176 1219 
16:43:03:304 -> 2479 0 0 0 0 0 0 2479 1206 1173 1222 1172 1178 1231 1173 1211 
16:43:03:304 -> 2479 0 0 0 0 0 0 2479 1209 1178 1224 1172 1178 1228 1175 1217 
16:43:03:304 -> 2479 0 0 0 0 0 0 2479 1206 1175 1226 1173 1182 1229 1172 1213 
16:43:03:304 -> 2479 0 0 0 0 0 0 2479 1209 1182 1224 1172 1182 1229 1175 1219 
16:43:03:304 -> 2479 0 0 0 0 0 0 2478 1204 1176 1222 1170 1182 1228 1169 1211 
16:43:03:304 -> 2479 0 0 0 0 0 0 2479 1206 1183 1228 1173 1185 1229 1173 1222 
16:43:03:304 -> 2479 0 0 0 0 0 0 2479 1206 1183 1228 1172 1185 1234 1176 1220 
16:43:03:304 -> 2479 0 0 0 0 0 0 2479 1209 1185 1232 1172 1185 1232 1173 1222 
16:43:03:304 -> 2479 0 0 0 0 0 0 2479 1204 1183 1231 1178 1194 1241 1183 1234 
16:43:03:304 -> 2479 0 0 0 0 0 0 2479 1222 1196 1242 1185 1198 1245 1192 1239 
16:43:03:304 -> 2479 0 0 0 0 0 0 2479 1220 1198 1242 1184 1198 1245 1186 1231 
16:43:03:304 -> 2479 0 0 0 0 0 0 2479 1217 1198 1239 1184 1196 1241 1185 1233 
16:43:03:304 -> 2479 0 0 0 0 0 0 2477 1217 1194 1239 1183 1194 1236 1182 1228 
16:43:03:304 -> 2479 0 0 0 0 0 0 2478 1202 1191 1229 1170 1185 1231 1173 1222 
16:43:03:304 -> 2479 0 0 0 0 0 0 2479 1198 1186 1224 1169 1183 1223 1167 1209 
16:43:03:304 -> 2479 0 0 0 0 0 0 2479 1191 1182 1219 1163 1183 1223 1172 1219 
16:43:03:304 -> 2479 0 0 0 0 0 0 2478 1194 1178 1217 1167 1185 1225 1175 1226 
16:43:03:304 -> 2479 0 0 0 0 0 0 2478 1194 1184 1228 1169 1183 1228 1175 1222 
16:43:03:304 -> 2479 0 0 0 0 0 0 2478 1194 1186 1229 1173 1191 1229 1173 1228 
16:43:03:304 -> 2479 0 0 0 0 0 0 2479 1199 1186 1224 1173 1194 1234 1178 1234 
16:43:03:304 -> 2479 0 0 0 0 0 0 2479 1204 1194 1234 1183 1194 1234 1183 1234 
16:43:03:304 -> 2479 0 0 0 0 0 0 2479 1206 1198 1234 1184 1194 1232 1184 1239 
16:43:03:304 -> 2479 0 0 0 0 0 0 2479 1202 1194 1229 1178 1196 1231 1182 1234 
16:43:03:304 -> 2479 0 0 0 0 0 0 2479 1204 1198 1231 1183 1198 1231 1183 1236 
16:43:08:904 -> 2479 0 0 0 0 0 0 2479 1206 1198 1232 1183 1202 1234 1182 1239 
16:43:08:904 -> 2479 0 0 0 0 0 0 2479 1206 1202 1231 1183 1204 1234 1184 1243 
16:43:08:904 -> 2479 0 0 0 0 0 0 2479 1206 1196 1231 1185 1206 1232 1183 1241 
16:43:08:904 -> 2480 0 0 0 0 0 0 2479 1206 1199 1231 1183 1198 1229 1178 1234 
16:43:08:904 -> 2479 0 0 0 0 0 0 2479 1199 1196 1224 1182 1201 1228 1183 1242 
16:43:08:904 -> 2479 0 0 0 0 0 0 2479 1204 1204 1229 1183 1206 1232 1183 1241 
16:43:08:904 -> 2479 0 0 0 0 0 0 2479 1206 1202 1228 1183 1206 1231 1183 1242 
16:43:08:904 -> 2479 0 0 0 0 0 0 2479 1206 1206 1231 1185 1211 1233 1184 1245 
16:43:08:904 -> 2479 0 0 0 0 0 0 2478 1209 1206 1232 1188 1217 1236 1185 1245 
16:43:08:904 -> 2479 0 0 0 0 0 0 2477 1206 1209 1232 1191 1219 1234 1185 1246 
16:43:08:904 -> 2479 0 0 0 0 0 0 2475 1209 1217 1231 1186 1222 1241 1185 1248 
16:43:08:904 -> 2479 0 0 0 0 0 0 2479 1219 1220 1234 1194 1222 1234 1189 1251 
16:43:08:904 -> 2479 0 0 0 0 0 0 2479 1209 1211 1232 1191 1228 1236 1186 1253 
16:43:08:904 -> 2479 0 0 0 0 0 0 2479 1219 1224 1236 1194 1226 1239 1192 1251 
16:43:08:904 -> 2479 0 0 0 0 0 0 2479 1209 1219 1231 1192 1231 1241 1186 1248 
16:43:08:904 -> 2479 0 0 0 0 0 0 2478 1209 1224 1234 1191 1224 1234 1191 1251 
16:43:08:904 -> 2479 0 0 0 0 0 0 2479 1206 1219 1229 1185 1224 1232 1183 1245 
16:43:08:904 -> 2479 0 0 0 0 0 0 2479 1199 1209 1222 1182 1211 1224 1179 1236 
16:43:08:904 -> 2479 0 0 0 0 0 0 2479 1191 1204 1217 1176 1204 1222 1182 1236 
16:43:08:904 -> 2479 0 0 0 0 0 0 2477 1191 1206 1222 1178 1209 1222 1183 1241 
16:43:08:904 -> 2479 0 0 0 0 0 0 2479 1194 1209 1223 1183 1217 1228 1185 1242 
16:43:08:904 -> 2475 0 0 0 0 0 0 2478 1198 1219 1228 1185 1222 1229 1191 1248 
16:43:08:904 -> 2479 0 0 0 0 0 0 2479 1198 1219 1231 1191 1228 1232 1191 1248 
16:43:08:904 -> 2479 0 0 0 0 0 0 2479 1204 1231 1234 1191 1231 1234 1194 1248 
16:43:08:904 -> 2479 0 0 0 0 0 0 2479 1202 1229 1232 1196 1234 1236 1198 1253 
16:43:08:904 -> 2479 0 0 0 0 0 0 2479 1206 1234 1233 1194 1234 1241 1199 1251 
16:43:08:904 -> 2479 0 0 0 0 0 0 2479 1204 1231 1231 1198 1232 1234 1198 1251 
16:43:08:904 -> 2480 0 0 0 0 0 0 2479 1204 1232 1228 1196 1234 1229 1196 1253 
16:43:08:904 -> 2479 0 0 0 0 0 0 2477 1202 1229 1228 1194 1232 1231 1196 1251 
16:43:08:904 -> 2478 0 0 0 0 0 0 2477 1198 1231 1228 1194 1231 1228 1194 1248 
16:43:08:904 -> 2479 0 0 0 0 0 0 2479 1196 1222 1222 1191 1229 1222 1191 1245 
16:43:08:904 -> 2479 0 0 0 0 0 0 2477 1196 1228 1222 1191 1228 1219 1189 1241 
16:43:08:904 -> 2479 0 0 0 0 0 0 2478 1191 1222 1209 1191 1228 1220 1191 1245 
16:43:08:904 -> 2489 0 0 0 0 0 0 2478 1194 1231 1222 1191 1229 1222 1191 1241 
16:43:08:904 -> 2479 0 0 0 0 0 0 2478 1194 1225 1213 1196 1234 1228 1194 1245 
16:43:08:904 -> 2479 0 0 0 0 0 0 2479 1198 1231 1222 1195 1309 1223 1196 1253 
16:43:08:904 -> 2477 0 0 0 0 0 0 2477 1209 1231 1219 1204 1239 1224 1199 1253 
16:43:08:904 -> 2477 0 0 0 0 0 0 2479 1198 1234 1222 1204 1236 1224 1202 1253 
16:43:08:904 -> 2479 0 0 0 0 0 0 2479 1198 1232 1219 1198 1234 1224 1198 1245 
16:43:08:904 -> 2479 0 0 0 0 0 0 2479 1194 1234 1222 1198 1234 1222 1204 1245 
16:43:08:904 -> 2479 0 0 0 0 0 0 2478 1196 1234 1217 1198 1239 1222 1199 1251 
16:43:08:904 -> 2479 0 0 0 0 0 0 2477 1198 1241 1219 1204 1245 1231 1206 1261 
16:43:08:904 -> 2479 0 0 0 0 0 0 2479 1204 1241 1217 1204 1242 1224 1206 1254 
16:43:08:904 -> 2479 0 0 0 0 0 0 2479 1206 1248 1229 1206 1245 1231 1206 1245 
16:43:08:904 -> 2479 0 0 0 0 0 0 2478 1202 1245 1219 1206 1251 1231 1209 1251 
16:43:08:904 -> 2479 0 0 0 0 0 0 2477 1206 1248 1222 1206 1245 1222 1206 1253 
16:43:08:904 -> 2479 0 0 0 0 0 0 2479 1204 1245 1217 1206 1248 1224 1206 1251 
16:43:08:904 -> 2479 0 0 0 0 0 0 2479 1206 1248 1220 1209 1246 1222 1209 1251 
16:43:08:904 -> 2479 0 0 0 0 0 0 2479 1204 1242 1217 1206 1248 1222 1209 1248 
16:43:08:904 -> 2479 0 0 0 0 0 0 2477 1202 1245 1220 1209 1243 1220 1209 1246 
16:43:08:904 -> 2479 0 0 0 0 0 0 2478 1196 1241 1209 1204 1245 1219 1206 1245 
16:43:08:904 -> 2479 0 0 0 0 0 0 2479 1198 1243 1209 1204 1245 1217 1206 1246 
16:43:08:904 -> 2479 0 0 0 0 0 0 2479 1198 1241 1209 1206 1245 1209 1207 1245 
16:43:08:904 -> 2479 0 0 0 0 0 0 2478 1195 1245 1217 1209 1242 1209 1206 1248 
16:43:08:904 -> 2479 0 0 0 0 0 0 2479 1192 1236 1206 1207 1245 1209 1207 1241 
16:43:08:904 -> 2479 0 46 0 0 0 0 2478 1191 1241 1204 1202 1236 1206 1206 1242 
16:43:15:306 -> 2479 0 0 0 0 0 0 2477 1194 1236 1204 1206 1239 1206 1206 1242 
16:43:15:306 -> 2479 0 0 0 0 0 0 2479 1194 1242 1202 1206 1245 1206 1206 1241 
16:43:15:306 -> 2479 0 0 0 0 0 0 2478 1194 1241 1206 1213 1245 1206 1209 1245 
16:43:15:306 -> 2479 0 0 0 0 0 0 2478 1194 1241 1202 1209 1245 1204 1209 1245 
16:43:15:306 -> 2479 0 0 0 0 0 0 2477 1194 1234 1204 1213 1239 1204 1209 1239 
16:43:15:306 -> 2479 0 0 0 0 0 0 2477 1191 1241 1204 1204 1241 1204 1204 1229 
16:43:15:306 -> 2481 0 0 0 0 0 0 2487 1191 1234 1186 1199 1234 1194 1196 1231 
16:43:15:306 -> 2479 0 0 0 0 0 0 2477 1191 1234 1186 1206 1236 1191 1202 1234 
16:43:15:306 -> 2479 0 0 0 0 0 0 2477 1184 1228 1185 1206 1239 1194 1209 1236 
16:43:15:306 -> 2479 0 0 0 0 0 0 2477 1185 1232 1194 1209 1234 1194 1206 1231 
16:43:15:306 -> 2479 0 0 0 0 0 0 2477 1185 1239 1194 1204 1239 1194 1206 1234 
16:43:15:306 -> 2479 0 0 0 0 0 0 2479 1198 1243 1186 1206 1245 1191 1204 1236 
16:43:15:306 -> 2479 0 0 0 0 0 0 2478 1194 1233 1191 1209 1241 1194 1213 1234 
16:43:15:306 -> 2479 0 0 0 0 0 0 2478 1186 1241 1192 1206 1241 1194 1207 1229 
16:43:15:306 -> 2479 0 0 0 0 0 0 2478 1183 1234 1194 1202 1228 1196 1209 1209 
16:43:15:306 -> 2479 0 0 0 0 0 0 2479 1179 1241 1188 1196 1236 1191 1198 1219 
16:43:15:306 -> 2479 0 0 0 0 0 0 2479 1186 1232 1178 1204 1232 1183 1202 1213 
16:43:15:306 -> 2479 0 0 0 0 0 0 2479 1183 1234 1185 1199 1231 1186 1204 1206 
16:43:15:306 -> 2479 0 0 0 0 0 0 2479 1175 1231 1178 1198 1233 1186 1202 1209 
16:43:15:306 -> 2481 0 0 0 0 0 0 2475 1182 1234 1178 1199 1231 1183 1204 1209 
16:43:15:306 -> 2479 0 0 0 0 0 0 2479 1183 1234 1178 1206 1234 1185 1209 1219 
16:43:15:306 -> 2479 0 0 0 0 0 0 2479 1185 1236 1183 1206 1234 1185 1209 1217 
16:43:15:306 -> 2479 0 0 0 0 0 0 2477 1183 1232 1182 1206 1236 1186 1209 1222 
16:43:15:306 -> 2479 0 0 0 0 0 0 2479 1191 1241 1185 1217 1241 1186 1219 1222 
16:43:15:306 -> 2480 0 0 0 0 0 0 2477 1194 1243 1186 1220 1245 1191 1220 1228 
16:43:15:306 -> 2479 0 0 0 0 0 0 2479 1195 1242 1186 1228 1241 1191 1228 1224 
16:43:15:306 -> 2479 0 0 0 0 0 0 2477 1194 1236 1186 1223 1241 1194 1228 1222 
16:43:15:306 -> 2479 0 0 0 0 0 0 2478 1196 1245 1191 1222 1242 1191 1222 1220 
16:43:15:306 -> 2479 0 0 0 0 0 0 2477 1195 1243 1186 1225 1245 1194 1228 1224 
16:43:15:306 -> 2479 0 0 0 0 0 0 2479 1198 1246 1188 1224 1245 1191 1231 1229 
16:43:15:306 -> 2479 0 0 0 0 0 0 2477 1198 1242 1186 1229 1242 1191 1232 1228 
16:43:15:306 -> 2479 0 0 0 0 0 0 2478 1198 1245 1194 1232 1245 1194 1231 1222 
16:43:15:306 -> 2479 0 0 0 0 0 0 2479 1198 1245 1191 1232 1246 1192 1232 1228 
16:43:15:306 -> 2479 0 0 0 0 0 0 2477 1199 1245 1191 1234 1245 1191 1234 1228 
16:43:15:306 -> 2479 0 0 0 0 0 0 2477 1199 1243 1191 1231 1248 1194 1236 1228 
16:43:15:306 -> 2479 0 0 0 0 0 0 2477 1206 1248 1192 1234 1246 1194 1241 1229 
16:43:15:306 -> 2479 0 0 0 0 0 0 2479 1199 1245 1191 1231 1245 1191 1234 1222 
16:43:15:306 -> 2479 0 0 0 0 0 0 2478 1206 1249 1194 1234 1246 1191 1233 1222 
16:43:15:306 -> 2479 0 0 0 0 0 0 2478 1198 1241 1185 1231 1245 1194 1236 1219 
16:43:15:306 -> 2479 0 0 0 0 0 0 2477 1199 1245 1189 1229 1242 1191 1234 1219 
16:43:15:306 -> 2479 0 0 0 0 0 0 2465 1204 1242 1184 1234 1245 1186 1234 1222 
16:43:15:306 -> 2479 0 0 0 0 0 0 2477 1206 1245 1186 1234 1241 1185 1234 1209 
16:43:15:306 -> 2479 0 0 0 0 0 0 2479 1198 1243 1185 1231 1245 1194 1234 1209 
16:43:15:306 -> 2479 0 0 0 0 0 0 2479 1204 1245 1186 1239 1245 1194 1239 1209 
16:43:15:306 -> 2479 0 0 0 0 0 0 2478 1204 1242 1186 1236 1245 1194 1239 1219 
16:43:15:306 -> 2479 0 0 0 0 0 0 2478 1209 1245 1192 1243 1245 1194 1245 1222 
16:43:15:306 -> 2479 0 0 0 0 0 0 2475 1206 1246 1191 1239 1248 1194 1241 1219 
16:43:15:306 -> 2479 0 0 0 0 0 0 2477 1219 1245 1186 1245 1245 1185 1242 1224 
16:43:15:306 -> 2479 0 0 0 0 0 0 2478 1206 1232 1191 1245 1239 1194 1248 1213 
16:43:15:306 -> 2479 0 0 0 0 0 0 2477 1206 1248 1194 1234 1242 1194 1243 1211 
16:43:15:306 -> 2479 0 0 0 0 0 0 2479 1209 1242 1186 1241 1248 1194 1241 1217 
16:43:15:306 -> 2479 0 0 0 0 0 0 2477 1209 1241 1186 1241 1239 1185 1243 1213 
16:43:15:306 -> 2479 0 0 0 0 0 0 2477 1199 1231 1191 1236 1234 1183 1243 1204 
16:43:15:306 -> 2478 0 0 0 0 0 0 2479 1198 1234 1183 1228 1231 1182 1232 1194 
16:43:15:306 -> 2479 0 0 0 0 0 0 2477 1192 1231 1175 1225 1234 1185 1232 1194 
16:43:15:306 -> 2479 0 0 0 0 0 0 2479 1202 1243 1179 1226 1241 1186 1233 1202 
16:43:15:306 -> 2479 0 0 0 0 0 0 2477 1213 1241 1182 1239 1245 1191 1242 1209 
16:43:15:306 -> 2478 0 0 0 0 0 0 2479 1228 1248 1191 1245 1248 1198 1251 1219 
16:43:15:306 -> 2479 0 0 0 0 0 0 2478 1228 1248 1194 1257 1257 1204 1257 1228 
16:43:15:306 -> 2479 0 0 0 0 0 0 2477 1234 1257 1199 1255 1257 1204 1260 1231 
16:43:15:306 -> 2479 0 0 0 0 0 0 2479 1236 1254 1204 1261 1257 1206 1266 1232 
16:43:15:306 -> 2479 0 0 0 0 0 0 2477 1239 1257 1206 1268 1258 1206 1261 1231 
16:43:15:306 -> 2479 0 0 0 0 0 0 2477 1236 1253 1206 1268 1259 1206 1261 1224 
16:43:15:306 -> 2479 0 0 0 0 0 0 2478 1241 1253 1204 1261 1259 1204 1260 1229 
16:43:21:713 -> 2479 0 0 0 0 0 0 2477 1243 1251 1201 1261 1255 1201 1259 1223 
16:43:21:713 -> 2479 0 0 0 0 0 0 2478 1239 1251 1201 1260 1251 1202 1257 1219 
16:43:21:713 -> 2479 0 0 0 0 0 0 2477 1234 1245 1195 1255 1246 1196 1253 1211 
16:43:21:713 -> 2479 0 0 0 0 0 0 2477 1232 1243 1196 1255 1245 1194 1249 1209 
16:43:21:713 -> 2479 0 0 0 0 0 0 2477 1229 1236 1186 1248 1245 1194 1245 1199 
16:43:21:713 -> 2479 0 0 0 0 0 0 2477 1231 1239 1184 1245 1233 1185 1243 1199 
16:43:21:713 -> 2479 0 0 0 0 0 0 2475 1223 1231 1183 1242 1234 1191 1245 1198 
16:43:21:713 -> 2479 0 0 0 0 0 0 2477 1224 1233 1183 1234 1231 1185 1241 1191 
16:43:21:713 -> 2479 0 0 0 0 0 0 2477 1220 1228 1175 1234 1229 1183 1239 1194 
16:43:21:713 -> 2479 0 0 0 0 0 0 2478 1222 1228 1178 1234 1228 1185 1236 1186 
16:43:21:713 -> 2479 0 0 0 0 0 0 2477 1222 1228 1183 1241 1228 1189 1243 1191 
16:43:21:713 -> 2479 0 0 0 0 0 0 2478 1229 1231 1183 1239 1234 1191 1241 1192 
16:43:21:713 -> 2479 0 0 0 0 0 0 2477 1234 1239 1183 1234 1245 1194 1234 1194 
16:43:21:713 -> 2479 0 0 0 0 0 0 2478 1243 1234 1179 1245 1236 1183 1243 1204 
16:43:21:713 -> 2479 0 0 0 0 0 0 2479 1228 1219 1185 1248 1231 1191 1253 1194 
16:43:21:713 -> 2479 0 0 0 0 0 0 2477 1222 1234 1195 1236 1228 1201 1248 1191 
16:43:21:713 -> 2479 0 0 0 0 0 0 2477 1231 1231 1189 1245 1231 1191 1245 1194 
16:43:21:713 -> 2479 0 0 0 0 0 0 2475 1229 1228 1186 1245 1213 1185 1250 1186 
16:43:21:713 -> 2479 0 0 0 0 0 0 2478 1209 1222 1191 1236 1211 1191 1242 1179 
16:43:21:713 -> 2479 0 0 0 0 0 0 2477 1224 1228 1178 1228 1209 1178 1233 1179 
16:43:21:713 -> 2479 0 0 0 0 0 0 2478 1206 1201 1182 1241 1198 1172 1239 1178 
16:43:21:713 -> 2479 0 0 0 0 0 0 2477 1198 1204 1184 1231 1194 1178 1234 1170 
16:43:21:713 -> 2479 0 0 0 0 0 0 2477 1201 1198 1172 1217 1191 1173 1229 1169 
16:43:21:713 -> 2479 0 0 0 0 0 0 2477 1207 1206 1182 1225 1198 1178 1232 1172 
16:43:21:713 -> 2479 0 0 0 0 0 0 2477 1206 1198 1175 1224 1202 1182 1232 1172 
16:43:21:713 -> 2479 0 0 0 0 0 0 2477 1209 1204 1175 1223 1196 1175 1228 1170 
16:43:21:713 -> 2479 0 0 0 0 0 0 2478 1209 1202 1173 1224 1202 1179 1234 1178 
16:43:21:713 -> 2479 0 0 0 0 0 0 2477 1224 1209 1183 1234 1209 1186 1241 1186 
16:43:21:713 -> 2479 0 0 0 0 0 0 2477 1233 1219 1191 1248 1225 1198 1257 1199 
16:43:21:713 -> 2479 0 0 0 0 0 0 2477 1246 1233 1206 1260 1237 1209 1261 1209 
16:43:21:713 -> 2480 0 0 0 0 0 0 2477 1251 1231 1209 1261 1236 1219 1269 1209 
16:43:21:713 -> 2479 0 0 0 0 0 0 2477 1253 1241 1220 1267 1242 1224 1278 1229 
16:43:21:713 -> 2479 0 0 0 0 0 0 2478 1278 1257 1231 1282 1268 1242 1292 1245 
16:43:21:713 -> 2479 0 0 0 0 0 0 2477 1294 1276 1251 1297 1272 1248 1292 1245 
16:43:21:713 -> 2481 0 0 0 0 0 0 2478 1286 1259 1243 1290 1260 1243 1286 1234 
16:43:21:713 -> 2479 0 0 0 0 0 0 2477 1281 1257 1241 1284 1255 1234 1278 1234 
16:43:21:713 -> 2479 0 0 0 0 0 0 2478 1284 1253 1232 1281 1253 1234 1274 1222 
16:43:21:713 -> 2479 0 0 0 0 0 0 2479 1268 1236 1222 1266 1236 1217 1260 1206 
16:43:21:713 -> 2479 0 0 0 0 0 0 2478 1257 1228 1209 1260 1231 1209 1260 1206 
16:43:21:713 -> 2479 0 0 0 0 0 0 2477 1259 1229 1213 1259 1308 1209 1259 1206 
16:43:21:713 -> 2480 0 0 0 0 0 0 2474 1258 1228 1207 1251 1222 1206 1248 1191 
16:43:21:713 -> 2480 0 0 0 0 0 0 2478 1245 1206 1194 1234 1204 1194 1234 1178 
16:43:21:713 -> 2479 0 0 0 0 0 0 2478 1232 1194 1185 1231 1198 1191 1234 1176 
16:43:21:713 -> 2479 0 0 0 0 0 0 2477 1234 1204 1194 1229 1196 1204 1255 1179 
16:43:21:713 -> 2479 0 0 0 0 0 0 2477 1229 1204 1206 1245 1206 1209 1260 1206 
16:43:21:713 -> 2475 0 0 0 0 0 0 2477 1259 1231 1226 1260 1228 1222 1276 1236 
16:43:21:713 -> 2481 0 0 0 0 0 0 2479 1268 1217 1226 1272 1242 1248 1294 1220 
16:43:21:713 -> 2479 0 0 0 0 0 0 2477 1248 1228 1245 1268 1213 1229 1274 1228 
16:43:21:713 -> 2479 0 0 0 0 0 0 2477 1281 1237 1243 1279 1245 1251 1297 1258 
16:43:21:713 -> 2479 0 0 0 0 0 0 2479 1308 1257 1261 1300 1255 1254 1302 1259 
16:43:21:713 -> 2480 0 0 0 0 0 0 2478 1306 1268 1281 1323 1273 1267 1316 1268 
16:43:21:713 -> 2479 0 0 0 0 0 0 2479 1310 1273 1272 1295 1254 1260 1297 1246 
16:43:21:713 -> 2479 0 0 0 0 0 0 2478 1300 1257 1260 1289 1243 1246 1279 1213 
16:43:21:713 -> 2479 0 0 0 0 0 0 2478 1265 1223 1222 1248 1209 1213 1255 1202 
16:43:21:713 -> 2479 0 0 0 0 0 0 2479 1248 1206 1209 1232 1204 1222 1253 1194 
16:43:21:713 -> 2479 0 0 0 0 0 0 2477 1253 1220 1224 1242 1209 1228 1248 1202 
16:43:21:713 -> 2479 0 0 0 0 0 0 2479 1268 1217 1222 1236 1202 1209 1242 1204 
16:43:21:713 -> 2480 0 0 0 0 0 0 2477 1265 1204 1209 1242 1209 1228 1251 1198 
16:43:21:713 -> 2479 0 0 0 0 0 0 2479 1255 1204 1217 1243 1206 1206 1225 1179 
16:43:21:713 -> 2479 0 0 0 0 0 0 2479 1243 1184 1194 1226 1186 1194 1217 1173 
16:43:21:713 -> 2480 0 0 0 0 0 0 2477 1232 1173 1182 1204 1173 1183 1198 1155 
16:43:21:713 -> 2479 0 0 0 0 0 0 2477 1213 1163 1173 1191 1153 1170 1191 1143 
16:43:21:713 -> 2479 0 0 0 0 0 0 2478 1194 1143 1172 1195 1151 1166 1194 1148 
16:43:21:713 -> 2479 0 0 0 0 0 0 2475 1199 1153 1178 1198 1157 1179 1198 1157 
16:43:21:805 -> 2479 0 0 43 0 0 0 2474 1209 1151 1172 1195 1160 1182 1206 1172 
