16:51:23:764 -> 2479 0 0 0 0 0 0 2479 1248 1234 1241 1232 1248 1239 1245 1229 
16:51:23:764 -> 2479 0 0 0 0 0 0 2479 1261 1257 1251 1241 1255 1260 1274 1265 
16:51:23:764 -> 2479 0 0 0 0 0 0 2477 1278 1268 1266 1241 1248 1245 1255 1255 
16:51:23:764 -> 2480 0 0 0 0 0 0 2479 1259 1248 1254 1245 1245 1236 1245 1246 
16:51:23:764 -> 2479 0 0 0 0 0 0 2477 1257 1248 1245 1241 1254 1248 1253 1248 
16:51:23:764 -> 2479 0 0 0 0 0 0 2478 1258 1249 1236 1239 1259 1248 1245 1231 
16:51:23:764 -> 2479 0 0 0 0 0 0 2479 1248 1257 1259 1242 1242 1234 1245 1245 
16:51:23:764 -> 2479 0 0 0 0 0 0 2479 1248 1239 1241 1236 1243 1236 1245 1242 
16:51:23:764 -> 2480 0 0 0 0 0 0 2477 1251 1251 1251 1245 1251 1242 1245 1239 
16:51:23:764 -> 2479 0 0 0 0 0 0 2477 1243 1233 1236 1233 1241 1233 1236 1233 
16:51:23:764 -> 2479 0 0 0 0 0 0 2477 1239 1232 1239 1234 1234 1234 1243 1229 
16:51:23:764 -> 2479 0 0 0 0 0 0 2479 1234 1234 1234 1228 1234 1229 1234 1229 
16:51:23:764 -> 2479 0 0 0 0 0 0 2478 1241 1229 1229 1228 1233 1223 1228 1222 
16:51:23:764 -> 2479 0 0 0 0 0 0 2479 1231 1222 1222 1217 1224 1226 1229 1222 
16:51:23:764 -> 2481 0 0 0 0 0 0 2479 1228 1229 1231 1231 1232 1223 1231 1228 
16:51:23:764 -> 2479 0 0 0 0 0 0 2477 1232 1231 1232 1229 1239 1243 1246 1243 
16:51:23:764 -> 2479 0 0 0 0 0 0 2478 1245 1239 1236 1229 1239 1232 1239 1234 
16:51:23:764 -> 2479 0 0 0 0 0 0 2478 1239 1234 1234 1234 1241 1232 1236 1236 
16:51:23:764 -> 2479 0 0 0 0 0 0 2479 1245 1236 1234 1233 1245 1241 1242 1234 
16:51:23:764 -> 2479 0 0 0 0 0 0 2479 1241 1241 1231 1223 1231 1228 1234 1231 
16:51:23:764 -> 2484 0 0 0 0 0 0 2479 1236 1231 1232 1231 1236 1222 1224 1209 
16:51:23:764 -> 2479 0 0 0 0 0 0 2478 1213 1204 1191 1185 1198 1196 1206 1204 
16:51:23:764 -> 2479 0 0 0 0 0 0 2479 1204 1202 1206 1204 1206 1198 1206 1209 
16:51:23:764 -> 2481 0 0 0 0 0 0 2479 1220 1220 1209 1202 1206 1206 1209 1206 
16:51:23:764 -> 2479 0 0 0 0 0 0 2479 1209 1219 1207 1198 1209 1206 1207 1206 
16:51:23:764 -> 2479 0 0 0 0 0 0 2479 1207 1202 1204 1202 1202 1191 1195 1202 
16:51:23:764 -> 2480 0 0 0 0 0 0 2479 1206 1196 1194 1184 1186 1186 1191 1183 
16:51:23:764 -> 2481 0 0 0 0 0 0 2479 1185 1185 1185 1173 1178 1173 1178 1175 
16:51:23:764 -> 2480 0 0 0 0 0 0 2477 1183 1176 1182 1172 1173 1175 1178 1170 
16:51:23:764 -> 2479 0 0 0 0 0 0 2477 1182 1182 1182 1178 1182 1183 1184 1183 
16:51:23:764 -> 2479 0 0 0 0 0 0 2479 1186 1189 1195 1183 1184 1182 1185 1185 
16:51:23:764 -> 2480 0 0 0 0 0 0 2479 1194 1194 1191 1184 1186 1185 1196 1191 
16:51:23:764 -> 2481 0 0 0 0 0 0 2479 1186 1185 1185 1186 1194 1186 1198 1191 
16:51:23:764 -> 2479 0 0 0 0 0 0 2479 1194 1194 1191 1184 1194 1191 1194 1191 
16:51:23:764 -> 2479 0 0 0 0 0 0 2479 1194 1202 1199 1191 1191 1186 1192 1186 
16:51:23:764 -> 2479 0 0 0 0 0 0 2479 1191 1184 1175 1182 1199 1196 1195 1185 
16:51:23:764 -> 2480 0 0 0 0 0 0 2479 1191 1192 1191 1186 1191 1191 1198 1202 
16:51:23:764 -> 2479 0 0 0 0 0 0 2479 1207 1198 1194 1191 1194 1186 1182 1178 
16:51:23:764 -> 2481 0 0 0 0 0 0 2479 1194 1198 1204 1185 1185 1191 1202 1194 
16:51:23:764 -> 2481 0 0 0 0 0 0 2477 1194 1194 1195 1196 1202 1195 1204 1202 
16:51:23:764 -> 2479 0 0 0 0 0 0 2477 1204 1198 1196 1198 1206 1198 1199 1204 
16:51:23:764 -> 2481 0 0 0 0 0 0 2477 1206 1204 1206 1196 1196 1201 1206 1204 
16:51:23:764 -> 2481 0 0 0 0 0 0 2477 1209 1206 1209 1206 1222 1206 1206 1209 
16:51:23:764 -> 2479 0 0 0 0 0 0 2478 1222 1211 1206 1202 1207 1219 1219 1202 
16:51:23:764 -> 2479 0 0 0 0 0 0 2479 1209 1211 1209 1201 1198 1201 1206 1204 
16:51:23:764 -> 2480 0 0 0 0 0 0 2477 1209 1206 1204 1213 1222 1204 1206 1209 
16:51:23:764 -> 2479 0 0 0 0 0 0 2479 1222 1220 1217 1209 1209 1209 1211 1206 
16:51:23:764 -> 2479 0 0 0 0 0 0 2479 1217 1209 1213 1206 1207 1209 1220 1207 
16:51:23:764 -> 2480 0 0 0 0 0 0 2479 1213 1217 1219 1209 1220 1217 1222 1219 
16:51:23:764 -> 2479 0 0 0 0 0 0 2477 1222 1222 1213 1206 1217 1209 1220 1228 
16:51:23:764 -> 2479 0 0 0 0 0 0 2477 1231 1222 1219 1211 1220 1213 1219 1213 
16:51:23:764 -> 2479 0 0 0 0 0 0 2479 1232 1224 1217 1209 1219 1217 1228 1222 
16:51:23:764 -> 2481 0 0 0 0 0 0 2477 1225 1223 1223 1228 1224 1209 1220 1222 
16:51:23:764 -> 2479 0 0 0 0 0 0 2478 1228 1222 1219 1209 1222 1219 1223 1222 
16:51:23:764 -> 2479 0 0 0 0 0 0 2479 1228 1226 1223 1217 1226 1222 1228 1219 
16:51:23:764 -> 2480 0 0 0 0 0 0 2479 1223 1224 1229 1223 1228 1220 1224 1222 
16:51:23:764 -> 2479 0 0 0 0 0 0 2478 1229 1223 1222 1219 1224 1220 1224 1222 
16:51:23:764 -> 2480 0 0 0 0 0 0 2479 1224 1222 1222 1219 1228 1219 1222 1217 
16:51:23:764 -> 2479 0 0 0 0 0 0 2477 1222 1217 1222 1213 1219 1217 1220 1209 
16:51:23:764 -> 2481 0 0 0 0 0 0 2477 1213 1209 1206 1206 1219 1209 1213 1219 
16:51:23:764 -> 2479 0 0 0 0 0 0 2486 1234 1222 1211 1220 1228 1220 1224 1209 
16:51:23:764 -> 2479 0 0 0 0 0 0 2488 1209 1206 1209 1209 1222 1219 1225 1220 
16:51:23:764 -> 2489 0 0 0 0 0 0 2478 1231 1222 1225 1219 1225 1222 1229 1228 
16:51:23:764 -> 2479 0 0 0 0 0 0 2477 1228 1222 1222 1217 1228 1223 1229 1232 
16:51:28:884 -> 2479 0 0 0 0 0 0 2479 1236 1234 1234 1217 1207 1219 1231 1220 
16:51:28:884 -> 2480 0 0 0 0 0 0 2478 1231 1229 1229 1223 1223 1209 1228 1232 
16:51:28:884 -> 2480 0 0 0 0 0 0 2488 1232 1222 1224 1222 1228 1222 1231 1228 
16:51:28:884 -> 2479 0 0 0 0 0 0 2481 1236 1222 1222 1219 1229 1222 1228 1219 
16:51:28:884 -> 2480 0 0 0 0 0 0 2479 1228 1232 1241 1224 1222 1217 1224 1220 
16:51:28:884 -> 2481 0 0 0 0 0 0 2479 1229 1226 1225 1219 1231 1224 1229 1222 
16:51:28:884 -> 2481 0 0 0 0 0 0 2479 1228 1229 1234 1228 1222 1222 1242 1226 
16:51:28:884 -> 2481 0 0 0 0 0 0 2478 1220 1219 1229 1222 1231 1223 1231 1232 
16:51:28:884 -> 2481 0 0 0 0 0 0 2478 1241 1229 1232 1231 1236 1231 1234 1224 
16:51:28:884 -> 2479 0 0 0 0 0 0 2479 1234 1228 1228 1222 1232 1231 1234 1228 
16:51:28:884 -> 2480 0 0 0 0 0 0 2479 1234 1229 1231 1224 1234 1228 1232 1225 
16:51:28:884 -> 2481 0 0 0 0 0 0 2479 1234 1226 1222 1222 1234 1224 1234 1222 
16:51:28:884 -> 2481 0 0 0 0 0 0 2479 1231 1234 1233 1222 1228 1229 1241 1234 
16:51:28:884 -> 2479 0 0 0 0 0 0 2478 1229 1226 1228 1224 1232 1224 1234 1231 
16:51:28:884 -> 2484 0 0 0 0 0 0 2477 1234 1222 1232 1232 1228 1209 1232 1232 
16:51:28:884 -> 2479 0 0 0 0 0 0 2478 1233 1224 1224 1217 1229 1228 1228 1222 
16:51:28:884 -> 2479 0 0 0 0 0 0 2479 1234 1228 1222 1217 1228 1222 1228 1219 
16:51:28:884 -> 2479 0 0 0 0 0 0 2479 1222 1213 1224 1219 1219 1209 1226 1219 
16:51:28:884 -> 2481 0 0 0 0 0 0 2479 1228 1217 1206 1209 1232 1217 1219 1213 
16:51:28:884 -> 2486 0 0 0 0 0 0 2478 1224 1219 1224 1209 1211 1209 1228 1222 
16:51:28:884 -> 2479 0 0 0 0 0 0 2479 1226 1228 1225 1209 1228 1222 1222 1219 
16:51:28:884 -> 2481 0 0 0 0 0 0 2479 1229 1213 1222 1223 1229 1217 1228 1224 
16:51:28:884 -> 2481 0 0 0 0 0 0 2478 1234 1224 1232 1222 1232 1228 1234 1222 
16:51:28:884 -> 2479 0 0 0 0 0 0 2479 1232 1228 1222 1211 1231 1223 1232 1229 
16:51:28:884 -> 2481 0 0 0 0 0 0 2479 1234 1223 1234 1228 1231 1223 1233 1229 
16:51:28:884 -> 2480 0 0 0 0 0 0 2479 1233 1224 1226 1219 1234 1229 1232 1222 
16:51:28:884 -> 2494 0 0 0 0 0 0 2479 1234 1231 1228 1222 1234 1209 1231 1226 
16:51:28:884 -> 2479 0 0 0 0 0 0 2479 1234 1228 1229 1219 1229 1222 1232 1231 
16:51:28:884 -> 2484 0 0 0 0 0 0 2479 1236 1222 1229 1222 1231 1228 1241 1224 
16:51:28:884 -> 2481 0 0 0 0 0 0 2479 1231 1222 1222 1222 1232 1222 1232 1228 
16:51:28:884 -> 2479 0 0 0 0 0 0 2479 1234 1226 1232 1219 1232 1228 1234 1223 
16:51:28:884 -> 2481 0 0 0 0 0 0 2477 1234 1224 1228 1222 1232 1219 1232 1228 
16:51:28:884 -> 2479 0 0 0 0 0 0 2480 1245 1234 1231 1209 1225 1224 1239 1224 
16:51:28:884 -> 2481 0 0 0 0 0 0 2479 1231 1220 1229 1222 1233 1222 1234 1266 
16:51:28:884 -> 2480 0 0 0 0 0 0 2479 1243 1228 1228 1219 1236 1222 1231 1191 
16:51:28:884 -> 2479 0 0 0 0 0 0 2479 1234 1231 1231 1217 1234 1228 1234 1223 
16:51:28:884 -> 2479 0 0 0 0 0 0 2479 1234 1229 1234 1222 1234 1228 1239 1234 
16:51:28:884 -> 2480 0 0 0 0 0 0 2478 1242 1223 1229 1222 1232 1222 1231 1222 
16:51:28:884 -> 2481 0 0 0 0 0 0 2477 1236 1231 1237 1229 1245 1222 1231 1220 
16:51:28:884 -> 2480 0 0 0 0 0 0 2479 1241 1229 1229 1222 1233 1222 1234 1222 
16:51:28:884 -> 2481 0 0 0 0 0 0 2479 1236 1232 1236 1222 1236 1231 1243 1232 
16:51:28:884 -> 2479 0 0 0 0 0 0 2478 1236 1222 1229 1222 1234 1224 1234 1219 
16:51:28:884 -> 2479 0 0 0 0 0 0 2479 1236 1229 1234 1219 1232 1229 1245 1222 
16:51:28:884 -> 2481 0 0 0 0 0 0 2479 1234 1222 1234 1224 1233 1225 1234 1222 
16:51:28:884 -> 2479 0 0 0 0 0 0 2479 1236 1229 1234 1217 1234 1229 1239 1222 
16:51:28:884 -> 2479 0 0 0 0 0 0 2477 1239 1232 1232 1211 1231 1222 1234 1228 
16:51:28:884 -> 2479 0 0 0 0 0 0 2479 1241 1228 1231 1225 1243 1222 1234 1219 
16:51:28:884 -> 2481 0 0 0 0 0 0 2479 1234 1224 1234 1222 1232 1219 1241 1223 
16:51:28:884 -> 2479 0 0 0 0 0 0 2478 1234 1229 1234 1222 1239 1226 1239 1229 
16:51:28:884 -> 2480 0 0 0 0 0 0 2477 1242 1228 1232 1211 1231 1209 1234 1228 
16:51:28:884 -> 2479 0 0 0 0 0 0 2479 1236 1223 1236 1222 1241 1222 1233 1224 
16:51:28:884 -> 2479 0 0 0 0 0 0 2479 1241 1224 1234 1217 1243 1231 1239 1222 
16:51:28:884 -> 2479 0 0 0 0 0 0 2479 1229 1222 1234 1219 1236 1219 1234 1225 
16:51:28:884 -> 2480 0 0 0 0 0 0 2477 1239 1222 1236 1219 1234 1222 1234 1211 
16:51:28:884 -> 2481 0 0 0 0 0 0 2479 1241 1229 1234 1217 1234 1222 1241 1228 
16:51:28:884 -> 2482 0 0 0 0 0 0 2479 1234 1206 1223 1209 1232 1217 1232 1211 
16:51:28:884 -> 2481 0 0 0 0 0 0 2479 1234 1222 1231 1209 1232 1213 1239 1231 
16:51:28:884 -> 2479 0 0 0 0 0 0 2479 1243 1219 1224 1206 1228 1206 1234 1222 
16:51:28:884 -> 2479 0 0 0 0 0 0 2479 1246 1229 1234 1217 1236 1220 1233 1217 
16:51:28:884 -> 2479 0 0 0 0 0 0 2479 1236 1222 1228 1195 1225 1219 1234 1222 
16:51:28:884 -> 2479 0 0 0 0 0 0 2477 1241 1219 1231 1213 1234 1213 1236 1228 
16:51:28:884 -> 2479 0 0 0 0 0 0 2479 1245 1222 1232 1206 1228 1209 1232 1206 
16:51:28:884 -> 2481 0 0 0 0 0 0 2477 1234 1217 1232 1213 1234 1209 1234 1228 
16:51:28:884 -> 2479 0 0 0 0 0 0 2479 1243 1222 1234 1209 1229 1204 1232 1207 
16:51:34:004 -> 2481 0 0 0 0 0 0 2478 1232 1225 1239 1219 1234 1206 1226 1217 
16:51:34:004 -> 2481 0 0 0 0 0 0 2479 1234 1207 1222 1199 1234 1220 1243 1211 
16:51:34:004 -> 2480 0 0 0 0 0 0 2479 1234 1222 1234 1206 1234 1211 1234 1219 
16:51:34:004 -> 2481 0 0 0 0 0 0 2479 1234 1209 1231 1206 1232 1213 1236 1209 
16:51:34:004 -> 2480 0 0 0 0 0 0 2479 1234 1211 1232 1209 1234 1206 1234 1209 
16:51:34:004 -> 2481 0 0 0 0 0 0 2479 1231 1209 1232 1206 1232 1209 1232 1209 
16:51:34:004 -> 2481 0 0 0 0 0 0 2479 1234 1217 1231 1206 1234 1211 1236 1224 
16:51:34:004 -> 2481 0 0 0 0 0 0 2477 1239 1219 1231 1204 1231 1209 1241 1223 
16:51:34:004 -> 2479 0 0 0 0 0 0 2477 1241 1219 1232 1207 1234 1209 1234 1209 
16:51:34:004 -> 2479 0 0 0 0 0 0 2479 1234 1213 1231 1206 1234 1209 1236 1209 
16:51:34:004 -> 2480 0 0 0 0 0 0 2478 1234 1219 1234 1209 1234 1209 1236 1213 
16:51:34:004 -> 2479 0 0 0 0 0 0 2479 1236 1219 1234 1206 1234 1209 1232 1204 
16:51:34:004 -> 2479 0 0 0 0 0 0 2478 1234 1219 1234 1213 1245 1224 1241 1219 
16:51:34:004 -> 2479 0 0 0 0 0 0 2479 1242 1222 1233 1198 1225 1209 1236 1213 
16:51:34:004 -> 2480 0 0 0 0 0 0 2478 1236 1219 1241 1217 1239 1213 1239 1219 
16:51:34:004 -> 2480 0 0 0 0 0 0 2479 1245 1209 1228 1213 1239 1213 1241 1207 
16:51:34:004 -> 2479 0 0 0 0 0 0 2475 1239 1222 1236 1206 1236 1219 1239 1209 
16:51:34:004 -> 2481 0 0 0 0 0 0 2479 1234 1211 1236 1211 1234 1206 1236 1219 
16:51:34:004 -> 2479 0 0 0 0 0 0 2477 1243 1219 1236 1206 1241 1209 1236 1222 
16:51:34:004 -> 2480 0 0 0 0 0 0 2479 1251 1209 1234 1209 1234 1209 1248 1222 
16:51:34:004 -> 2480 0 0 0 0 0 0 2478 1233 1201 1234 1213 1245 1209 1231 1209 
16:51:34:004 -> 2481 0 0 0 0 0 0 2478 1242 1213 1234 1206 1233 1217 1242 1211 
16:51:34:004 -> 2480 0 0 0 0 0 0 2479 1241 1216 1234 1213 1241 1206 1241 1217 
16:51:34:004 -> 2479 0 0 0 0 0 0 2479 1245 1223 1232 1206 1245 1228 1236 1195 
16:51:34:004 -> 2479 0 0 0 0 0 0 2478 1241 1231 1241 1202 1232 1207 1248 1209 
16:51:34:004 -> 2479 0 0 0 0 0 0 2479 1229 1206 1241 1219 1239 1206 1241 1219 
16:51:34:004 -> 2479 0 0 0 0 0 0 2479 1245 1226 1239 1204 1236 1217 1243 1207 
16:51:34:004 -> 2479 0 0 0 0 0 0 2478 1239 1229 1245 1209 1241 1206 1241 1217 
16:51:34:004 -> 2481 0 0 0 0 0 0 2475 1245 1217 1234 1206 1239 1213 1241 1204 
16:51:34:004 -> 2480 0 0 0 0 0 0 2479 1236 1222 1245 1199 1229 1213 1248 1213 
16:51:34:004 -> 2479 0 0 0 0 0 0 2479 1236 1211 1245 1219 1236 1202 1236 1222 
16:51:34:004 -> 2479 0 0 0 0 0 0 2479 1248 1207 1231 1213 1253 1217 1239 1206 
16:51:34:004 -> 2479 0 0 0 0 0 0 2479 1245 1209 1241 1204 1231 1207 1245 1206 
16:51:34:004 -> 2479 0 0 0 0 0 0 2479 1236 1204 1236 1209 1236 1202 1233 1209 
16:51:34:004 -> 2479 0 0 0 0 0 0 2479 1245 1209 1236 1206 1242 1206 1236 1207 
16:51:34:004 -> 2480 0 0 0 0 0 0 2477 1242 1209 1241 1209 1245 1217 1245 1211 
16:51:34:004 -> 2479 0 0 0 0 0 0 2479 1239 1207 1241 1206 1234 1204 1239 1206 
16:51:34:004 -> 2479 0 0 0 0 0 0 2479 1241 1202 1224 1204 1243 1209 1234 1196 
16:51:34:004 -> 2479 0 0 0 0 0 0 2477 1232 1209 1248 1207 1236 1202 1236 1198 
16:51:34:004 -> 2479 0 0 0 0 0 0 2477 1236 1204 1236 1206 1234 1202 1236 1206 
16:51:34:004 -> 2479 0 0 0 0 0 0 2479 1248 1222 1243 1206 1241 1206 1239 1196 
16:51:34:004 -> 2479 0 0 0 0 0 0 2479 1232 1206 1236 1198 1233 1204 1242 1207 
16:51:34:004 -> 2479 0 0 0 0 0 0 2479 1241 1204 1233 1209 1242 1204 1239 1204 
16:51:34:004 -> 2480 0 0 0 0 0 0 2479 1243 1206 1233 1204 1242 1209 1241 1204 
16:51:34:004 -> 2481 0 0 0 0 0 0 2479 1236 1206 1241 1204 1239 1204 1243 1206 
16:51:34:004 -> 2479 0 0 0 0 0 0 2478 1241 1209 1241 1206 1236 1199 1236 1207 
16:51:34:004 -> 2479 0 0 0 0 0 0 2477 1243 1211 1242 1204 1236 1204 1243 1206 
16:51:34:004 -> 2479 0 0 0 0 0 0 2479 1241 1202 1234 1199 1239 1204 1236 1204 
16:51:34:004 -> 2479 0 0 0 0 0 0 2477 1242 1204 1234 1202 1239 1202 1241 1204 
16:51:34:004 -> 2480 0 0 0 0 0 0 2479 1241 1206 1234 1198 1239 1204 1234 1202 
16:51:34:004 -> 2480 0 0 0 0 0 0 2479 1245 1209 1243 1202 1236 1206 1242 1196 
16:51:34:004 -> 2479 0 0 0 0 0 0 2475 1239 1204 1232 1194 1236 1202 1245 1204 
16:51:34:004 -> 2479 0 0 0 0 0 0 2479 1245 1206 1234 1198 1236 1198 1243 1198 
16:51:34:004 -> 2479 0 0 0 0 0 0 2477 1234 1209 1243 1204 1245 1198 1233 1194 
16:51:34:004 -> 2480 0 0 0 0 0 0 2479 1234 1202 1234 1202 1236 1199 1241 1198 
16:51:34:004 -> 2479 0 0 0 0 0 0 2477 1236 1199 1234 1202 1242 1199 1236 1202 
16:51:34:004 -> 2479 0 0 0 0 0 0 2477 1242 1206 1241 1198 1234 1199 1242 1206 
16:51:34:004 -> 2481 0 0 0 0 0 0 2478 1245 1198 1232 1202 1243 1204 1241 1198 
16:51:34:004 -> 2479 0 0 0 0 0 0 2479 1245 1219 1245 1194 1234 1196 1248 1207 
16:51:34:004 -> 2479 0 0 0 0 0 0 2479 1242 1194 1232 1199 1243 1198 1243 1204 
16:51:34:004 -> 2480 0 0 0 0 0 0 2479 1242 1209 1248 1206 1246 1199 1239 1196 
16:51:34:004 -> 2480 0 0 0 0 0 0 2477 1236 1199 1239 1201 1245 1206 1253 1198 
16:51:34:004 -> 2479 0 0 0 0 0 0 2478 1236 1201 1236 1199 1245 1202 1241 1202 
16:51:34:004 -> 2479 0 0 0 0 0 0 2479 1246 1206 1242 1204 1245 1194 1236 1199 
16:51:35:764 -> 2479 0 0 0 0 0 0 2479 1241 1209 1248 1196 1234 1198 1236 1194 
16:51:35:764 -> 2480 0 0 0 0 0 0 2477 1236 1204 1234 1194 1239 1198 1241 1198 
16:51:35:764 -> 2479 0 0 0 0 0 0 2477 1243 1206 1242 1198 1239 1194 1241 1207 
16:51:35:764 -> 2479 0 0 0 0 0 0 2479 1245 1194 1234 1198 1243 1202 1242 1198 
16:51:35:764 -> 2479 0 0 0 0 0 0 2479 1236 1202 1245 1194 1234 1196 1241 1206 
16:51:35:764 -> 2479 0 0 0 0 0 0 2479 1242 1194 1234 1198 1243 1199 1241 1194 
16:51:35:764 -> 2479 0 0 0 0 0 0 2477 1241 1204 1242 1194 1241 1199 1242 1198 
16:51:35:764 -> 2479 0 0 0 0 0 0 2477 1248 1204 1234 1194 1239 1194 1239 1196 
16:51:35:764 -> 2481 0 0 0 0 0 0 2479 1243 1204 1239 1204 1248 1202 1241 1195 
16:51:35:764 -> 2479 0 0 0 0 0 0 2477 1242 1201 1239 1195 1241 1198 1245 1198 
16:51:35:764 -> 2479 0 0 0 0 0 0 2477 1245 1202 1239 1195 1243 1198 1242 1198 
16:51:35:764 -> 2481 0 0 0 0 0 0 2478 1245 1206 1239 1195 1241 1198 1245 1194 
16:51:35:764 -> 2481 0 0 0 0 0 0 2477 1241 1202 1241 1196 1248 1202 1243 1198 
16:51:35:764 -> 2480 0 0 0 0 0 0 2477 1245 1199 1245 1202 1245 1194 1242 1191 
16:51:35:764 -> 2479 0 0 0 0 0 0 2478 1234 1199 1242 1194 1245 1198 1241 1196 
16:51:35:764 -> 2480 0 0 0 0 0 0 2479 1248 1198 1236 1198 1243 1192 1243 1202 
16:51:35:764 -> 2479 0 0 0 0 0 0 2479 1242 1201 1248 1196 1245 1198 1243 1198 
16:51:35:764 -> 2479 0 0 0 0 0 0 2479 1251 1204 1234 1192 1242 1198 1245 1196 
16:51:35:764 -> 2489 0 0 0 0 0 0 2479 1243 1204 1251 1195 1232 1194 1251 1204 
16:51:35:764 -> 2479 0 0 0 0 0 0 2479 1241 1194 1245 1198 1245 1191 1234 1206 
16:51:35:764 -> 2479 0 0 0 0 0 0 2475 1257 1195 1232 1194 1245 1202 1245 1192 
16:51:35:764 -> 2481 0 0 0 0 0 11 2477 1243 1199 1245 1194 1241 1198 1248 1234 
16:51:40:884 -> 2479 0 0 0 0 0 0 2479 1248 1206 1239 1185 1246 1194 1239 1195 
16:51:40:884 -> 2486 0 0 0 0 0 0 2479 1242 1198 1245 1194 1239 1199 1251 1202 
16:51:40:884 -> 2479 0 0 0 0 0 0 2478 1246 1198 1241 1194 1248 1194 1239 1199 
16:51:40:884 -> 2479 0 0 0 0 0 0 2479 1251 1198 1243 1194 1245 1191 1239 1191 
16:51:40:884 -> 2481 0 0 0 0 0 0 2479 1242 1206 1253 1194 1241 1191 1241 1199 
16:51:40:884 -> 2481 0 0 0 0 0 0 2477 1248 1194 1241 1196 1242 1194 1245 1196 
16:51:40:884 -> 2479 0 0 0 0 0 0 2478 1246 1202 1245 1202 1248 1194 1245 1198 
16:51:40:884 -> 2479 0 0 0 0 0 0 2479 1245 1199 1241 1191 1242 1194 1245 1195 
16:51:40:884 -> 2479 0 0 0 0 0 0 2479 1245 1202 1245 1191 1243 1194 1245 1194 
16:51:40:884 -> 2479 0 0 0 0 0 0 2479 1245 1196 1241 1192 1245 1194 1245 1194 
16:51:40:884 -> 2480 0 0 0 0 0 0 2478 1245 1196 1245 1191 1239 1198 1251 1196 
16:51:40:884 -> 2479 0 0 0 0 0 0 2479 1242 1191 1236 1191 1243 1196 1245 1192 
16:51:40:884 -> 2479 0 0 0 0 0 0 2478 1245 1196 1242 1194 1242 1191 1243 1194 
16:51:40:884 -> 2479 0 0 0 0 0 0 2477 1245 1191 1233 1199 1254 1196 1245 1191 
16:51:40:884 -> 2486 0 0 0 0 0 0 2477 1242 1198 1243 1182 1236 1194 1234 1184 
16:51:40:884 -> 2479 0 0 0 0 0 0 2479 1241 1185 1239 1191 1242 1186 1236 1186 
16:51:40:884 -> 2479 0 0 0 0 0 0 2479 1236 1194 1239 1182 1229 1184 1233 1186 
16:51:40:884 -> 2479 0 0 0 0 0 0 2477 1245 1194 1236 1183 1232 1183 1234 1173 
16:51:40:884 -> 2479 0 0 0 0 0 0 2477 1222 1178 1228 1186 1242 1185 1234 1183 
16:51:40:884 -> 2480 0 0 0 0 0 0 2478 1234 1175 1224 1170 1228 1186 1239 1183 
16:51:40:884 -> 2479 0 0 0 0 0 0 2477 1234 1186 1234 1178 1232 1173 1231 1185 
16:51:40:884 -> 2479 0 0 0 0 0 0 2479 1236 1178 1226 1178 1232 1175 1231 1175 
16:51:40:884 -> 2481 0 0 0 0 0 0 2479 1229 1191 1225 1170 1232 1182 1224 1175 
16:51:40:884 -> 2481 0 0 0 0 0 0 2479 1234 1178 1224 1178 1232 1175 1225 1167 
16:51:40:884 -> 2479 0 0 0 0 0 0 2479 1222 1173 1222 1167 1224 1157 1213 1169 
16:51:40:884 -> 2480 0 0 0 0 0 0 2477 1226 1169 1209 1162 1209 1160 1220 1162 
16:51:40:884 -> 2481 0 0 0 0 0 0 2479 1222 1173 1217 1153 1204 1159 1219 1162 
16:51:40:884 -> 2479 0 0 0 0 0 0 2479 1202 1153 1202 1148 1202 1155 1206 1148 
16:51:40:884 -> 2481 0 0 0 0 0 0 2477 1204 1157 1198 1151 1222 1160 1204 1153 
16:51:40:884 -> 2479 0 0 0 0 0 0 2479 1204 1149 1162 1147 1202 1148 1195 1145 
16:51:40:884 -> 2481 0 0 0 0 0 0 2479 1191 1143 1186 1132 1186 1138 1185 1134 
16:51:40:884 -> 2480 0 0 0 0 0 0 2477 1191 1138 1194 1143 1184 1129 1186 1138 
16:51:40:884 -> 2479 0 0 0 0 0 0 2477 1186 1123 1172 1129 1178 1114 1159 1109 
16:51:40:884 -> 2479 0 0 0 0 0 0 2479 1163 1101 1139 1093 1151 1100 1147 1098 
16:51:40:884 -> 2481 0 0 0 0 0 0 2477 1155 1108 1153 1105 1160 1118 1173 1129 
16:51:40:884 -> 2479 0 0 0 0 0 0 2479 1185 1134 1183 1142 1198 1137 1185 1134 
16:51:40:884 -> 2479 0 0 0 0 0 0 2478 1194 1156 1202 1143 1195 1151 1202 1153 
16:51:40:884 -> 2479 0 0 0 0 0 0 2479 1206 1170 1209 1149 1206 1156 1204 1148 
16:51:40:884 -> 2479 0 0 0 0 0 0 2479 1209 1170 1213 1157 1206 1172 1229 1178 
16:51:40:884 -> 2479 0 0 0 0 0 0 2478 1228 1169 1220 1159 1219 1176 1229 1160 
16:51:40:884 -> 2479 0 0 0 0 0 0 2479 1220 1178 1234 1160 1211 1173 1231 1175 
16:51:40:884 -> 2479 0 0 0 0 0 0 2478 1228 1170 1223 1182 1234 1169 1219 1182 
16:51:40:884 -> 2479 0 0 0 0 0 0 2477 1246 1185 1231 1173 1236 1183 1228 1172 
16:51:40:884 -> 2479 0 0 0 0 0 0 2479 1236 1182 1228 1157 1209 1175 1232 1172 
16:51:40:884 -> 2486 0 0 0 0 0 0 2479 1224 1183 1243 1175 1229 1170 1229 1183 
16:51:40:884 -> 2480 0 0 0 0 0 0 2477 1239 1173 1222 1175 1242 1183 1229 1172 
16:51:40:884 -> 2479 0 0 0 0 0 0 2479 1234 1179 1222 1170 1236 1182 1231 1178 
16:51:40:884 -> 2479 0 0 0 0 0 0 2478 1233 1183 1239 1183 1232 1184 1243 1185 
16:51:40:884 -> 2480 0 0 0 0 0 0 2477 1243 1184 1233 1185 1245 1188 1241 1191 
16:51:40:884 -> 2481 0 0 0 0 0 0 2477 1260 1206 1251 1186 1243 1204 1260 1186 
16:51:40:884 -> 2479 0 0 0 0 0 0 2478 1248 1206 1258 1201 1251 1194 1257 1199 
16:51:40:884 -> 2479 0 0 0 0 0 0 2478 1250 1196 1255 1199 1253 1195 1253 1198 
16:51:40:884 -> 2479 0 0 0 0 0 0 2479 1255 1204 1255 1194 1251 1198 1260 1199 
16:51:40:884 -> 2479 0 0 0 0 0 0 2477 1253 1194 1248 1206 1260 1204 1259 1204 
16:51:40:884 -> 2479 0 0 0 0 0 0 2478 1266 1217 1259 1198 1259 1206 1260 1204 
16:51:40:884 -> 2479 0 0 0 0 0 0 2477 1264 1209 1265 1206 1260 1204 1262 1213 
16:51:40:884 -> 2479 0 0 0 0 0 0 2477 1268 1213 1260 1207 1268 1213 1267 1207 
16:51:40:884 -> 2479 0 0 0 0 0 0 2475 1268 1220 1266 1206 1268 1217 1271 1219 
16:51:40:884 -> 2479 0 0 0 0 0 0 2478 1269 1222 1268 1206 1255 1202 1268 1209 
16:51:40:884 -> 2480 0 0 0 0 0 0 2479 1266 1219 1260 1198 1257 1204 1268 1222 
16:51:40:884 -> 2479 0 0 0 0 0 0 2478 1268 1209 1266 1209 1261 1199 1257 1209 
16:51:40:884 -> 2479 0 0 0 0 0 0 2479 1272 1209 1255 1198 1267 1226 1273 1204 
16:51:40:884 -> 2479 0 0 0 0 0 0 2478 1254 1228 1271 1194 1259 1209 1264 1206 
16:51:40:884 -> 2480 0 0 0 0 0 0 2479 1260 1204 1260 1204 1255 1204 1268 1220 
16:51:46:004 -> 2480 0 0 0 0 0 0 2478 1268 1222 1266 1199 1253 1202 1260 1202 
16:51:46:004 -> 2481 0 0 0 0 0 0 2479 1259 1219 1278 1209 1245 1196 1268 1209 
16:51:46:004 -> 2479 0 0 0 0 0 0 2478 1259 1202 1248 1199 1269 1199 1236 1196 
16:51:46:004 -> 2480 0 0 0 0 0 0 2477 1279 1232 1262 1184 1231 1198 1273 1209 
16:51:46:004 -> 2479 0 0 0 0 0 0 2479 1259 1222 1271 1202 1259 1198 1267 1234 
16:51:46:004 -> 2481 0 0 0 0 0 0 2479 1282 1195 1241 1199 1272 1222 1259 1185 
16:51:46:004 -> 2479 0 0 0 0 0 0 2478 1248 1209 1254 1198 1262 1209 1251 1186 
16:51:46:004 -> 2479 0 0 0 0 0 0 2477 1243 1192 1255 1209 1253 1173 1222 1191 
16:51:46:004 -> 2479 0 0 0 0 0 0 2479 1276 1229 1254 1173 1242 1202 1253 1191 
16:51:46:004 -> 2479 0 0 0 0 0 0 2479 1241 1186 1243 1178 1229 1194 1260 1191 
16:51:46:004 -> 2480 0 0 0 0 0 0 2477 1224 1182 1242 1202 1257 1196 1245 1194 
16:51:46:004 -> 2479 0 0 0 0 0 0 2477 1259 1202 1245 1191 1257 1209 1261 1198 
16:51:46:004 -> 2479 0 0 0 0 0 0 2478 1255 1209 1254 1196 1258 1209 1265 1201 
16:51:46:004 -> 2479 0 0 0 0 0 0 2479 1246 1194 1253 1196 1248 1209 1261 1198 
16:51:46:004 -> 2479 0 0 0 0 0 0 2477 1259 1206 1250 1198 1257 1226 1271 1199 
16:51:46:004 -> 2479 0 0 0 0 0 0 2479 1260 1209 1257 1204 1260 1202 1248 1191 
16:51:46:004 -> 2479 0 0 0 0 0 0 2479 1251 1219 1260 1202 1251 1211 1268 1202 
16:51:46:004 -> 2479 0 0 0 0 0 0 2479 1255 1222 1271 1209 1251 1195 1258 1206 
16:51:46:004 -> 2481 0 0 0 0 0 0 2479 1248 1192 1245 1202 1257 1199 1248 1198 
16:51:46:004 -> 2479 0 0 0 0 0 0 2479 1258 1204 1248 1186 1239 1182 1236 1198 
16:51:46:004 -> 2479 0 0 0 0 0 0 2477 1245 1192 1241 1186 1239 1191 1236 1182 
16:51:46:004 -> 2479 0 0 0 0 0 0 2479 1234 1184 1224 1167 1220 1182 1242 1175 
16:51:46:004 -> 2479 0 0 0 0 0 0 2479 1209 1167 1209 1160 1204 1157 1209 1160 
16:51:46:004 -> 2479 0 0 0 0 0 0 2479 1209 1162 1206 1163 1213 1166 1219 1163 
16:51:46:004 -> 2479 0 0 0 0 0 0 2479 1219 1173 1211 1162 1219 1170 1219 1169 
16:51:46:004 -> 2479 0 0 0 0 0 0 2477 1209 1169 1217 1160 1206 1160 1217 1172 
16:51:46:004 -> 2479 0 0 0 0 0 0 2475 1217 1173 1207 1160 1219 1170 1217 1182 
16:51:46:004 -> 2480 0 0 0 0 0 0 2479 1233 1170 1217 1170 1222 1178 1229 1173 
16:51:46:004 -> 2479 0 0 0 0 0 0 2479 1226 1186 1231 1178 1222 1178 1224 1183 
16:51:46:004 -> 2479 0 0 0 0 0 0 2477 1234 1184 1229 1183 1232 1185 1234 1191 
16:51:46:004 -> 2481 0 0 0 0 0 0 2479 1245 1204 1248 1191 1241 1199 1253 1198 
16:51:46:004 -> 2479 0 0 0 0 0 0 2478 1243 1202 1248 1206 1255 1206 1248 1199 
16:51:46:004 -> 2479 0 0 0 0 0 0 2479 1248 1199 1245 1206 1255 1202 1248 1202 
16:51:46:004 -> 2481 0 0 0 0 0 0 2479 1257 1209 1248 1191 1239 1191 1243 1204 
16:51:46:004 -> 2478 0 0 0 0 0 0 2479 1251 1204 1243 1191 1234 1198 1251 1204 
16:51:46:004 -> 2480 0 0 0 0 0 0 2479 1234 1191 1243 1189 1222 1178 1229 1182 
16:51:46:004 -> 2479 0 0 0 0 0 0 2477 1222 1173 1209 1183 1234 1178 1222 1178 
16:51:46:004 -> 2479 0 0 0 0 0 0 2477 1222 1160 1194 1159 1209 1170 1206 1157 
16:51:46:004 -> 2479 0 0 0 0 0 0 2477 1198 1163 1209 1160 1191 1147 1191 1143 
16:51:46:004 -> 2481 0 0 0 0 0 0 2479 1194 1157 1191 1141 1179 1143 1194 1157 
16:51:46:004 -> 2479 0 0 0 0 0 0 2479 1199 1160 1186 1141 1191 1160 1207 1160 
16:51:46:004 -> 2480 0 0 0 0 0 0 2477 1194 1151 1194 1173 1220 1172 1209 1175 
16:51:46:004 -> 2479 0 0 0 0 0 0 2479 1222 1185 1234 1192 1228 1186 1228 1186 
16:51:46:004 -> 2479 0 0 0 0 0 0 2479 1239 1206 1234 1182 1224 1194 1241 1183 
16:51:46:004 -> 2479 0 0 0 0 0 0 2479 1217 1185 1228 1178 1222 1186 1234 1194 
16:51:46:004 -> 2479 0 0 0 0 0 0 2479 1231 1185 1222 1191 1234 1186 1228 1194 
16:51:46:004 -> 2479 0 0 0 0 0 0 2475 1241 1199 1233 1198 1241 1201 1241 1217 
16:51:46:004 -> 2479 0 0 0 0 0 0 2477 1250 1209 1236 1209 1248 1189 1239 1216 
16:51:46:004 -> 2479 0 0 0 0 0 0 2477 1254 1206 1229 1191 1248 1222 1242 1194 
16:51:46:004 -> 2479 0 0 0 0 0 0 2479 1242 1220 1241 1194 1245 1228 1251 1198 
16:51:46:004 -> 2479 0 0 0 0 0 0 2479 1231 1209 1253 1207 1245 1209 1248 1213 
16:51:46:004 -> 2479 0 0 0 0 0 0 2478 1242 1209 1243 1196 1239 1217 1245 1209 
16:51:46:004 -> 2480 0 0 0 0 0 0 2477 1241 1206 1248 1217 1236 1201 1245 1219 
16:51:46:004 -> 2479 0 0 0 0 0 0 2479 1251 1202 1234 1209 1251 1204 1234 1206 
16:51:46:004 -> 2481 0 0 0 0 0 0 2477 1245 1222 1245 1207 1243 1204 1242 1206 
16:51:46:004 -> 2479 0 0 0 0 0 0 2477 1236 1195 1219 1198 1234 1194 1229 1206 
16:51:46:004 -> 2479 0 0 0 0 0 0 2478 1245 1206 1228 1191 1233 1202 1232 1198 
16:51:46:004 -> 2479 0 0 0 0 0 0 2478 1232 1202 1231 1209 1243 1209 1234 1194 
16:51:46:004 -> 2479 0 0 0 0 0 0 2477 1231 1209 1241 1191 1220 1209 1243 1195 
16:51:46:004 -> 2479 0 0 0 0 0 0 2478 1228 1206 1234 1194 1219 1198 1234 1204 
16:51:46:004 -> 2479 0 0 0 0 0 0 2477 1236 1199 1228 1202 1234 1204 1234 1213 
16:51:46:004 -> 2479 0 0 0 0 0 0 2475 1241 1198 1213 1199 1239 1196 1225 1211 
16:51:46:004 -> 2480 0 0 0 0 0 0 2478 1239 1198 1222 1209 1231 1191 1219 1198 
16:51:46:004 -> 2479 0 0 0 0 0 0 2479 1232 1204 1219 1191 1223 1204 1232 1198 
16:51:51:124 -> 2479 0 0 0 0 0 0 2479 1231 1206 1223 1178 1209 1204 1222 1185 
16:51:51:124 -> 2479 0 0 0 0 0 0 2479 1219 1194 1220 1196 1222 1194 1224 1194 
16:51:51:124 -> 2479 0 0 0 0 0 0 2477 1222 1211 1229 1191 1219 1198 1228 1204 
16:51:51:124 -> 2479 0 0 0 0 0 0 2475 1229 1202 1232 1204 1222 1196 1209 1194 
16:51:51:124 -> 2479 0 0 0 0 0 0 2475 1234 1213 1217 1191 1224 1204 1234 1196 
16:51:51:124 -> 2479 0 0 0 0 0 0 2479 1209 1198 1231 1204 1222 1195 1222 1198 
16:51:51:124 -> 2480 0 0 0 0 0 0 2478 1222 1202 1217 1206 1231 1202 1222 1206 
16:51:51:124 -> 2488 0 0 0 0 0 0 2487 1232 1195 1206 1206 1232 1202 1219 1206 
16:51:51:124 -> 2479 0 0 0 0 0 0 2475 1234 1206 1219 1204 1234 1222 1228 1196 
16:51:51:124 -> 2478 0 0 0 0 0 0 2479 1222 1222 1231 1202 1222 1222 1234 1204 
16:51:51:124 -> 2479 0 0 0 0 0 0 2479 1217 1209 1234 1198 1209 1219 1236 1209 
16:51:51:124 -> 2480 0 0 0 0 0 0 2479 1220 1209 1232 1204 1209 1206 1234 1217 
16:51:51:124 -> 2479 0 0 0 0 0 0 2475 1225 1206 1220 1219 1234 1206 1229 1217 
16:51:51:124 -> 2479 0 0 0 0 0 0 2479 1232 1204 1198 1195 1225 1206 1222 1204 
16:51:51:124 -> 2479 0 0 0 0 0 0 2479 1206 1196 1222 1219 1206 1191 1222 1207 
16:51:51:124 -> 2460 0 0 0 0 0 0 2479 1209 1198 1198 1198 1217 1196 1198 1198 
16:51:51:124 -> 2479 0 0 0 0 0 0 2479 1226 1228 1217 1179 1204 1207 1217 1204 
16:51:51:124 -> 2479 0 0 0 0 0 0 2475 1206 1196 1211 1209 1206 1194 1220 1219 
16:51:51:124 -> 2480 0 0 0 0 0 0 2479 1209 1195 1199 1202 1213 1206 1206 1204 
16:51:51:124 -> 2479 0 0 0 0 0 0 2479 1224 1209 1211 1206 1219 1202 1209 1198 
16:51:51:124 -> 2479 0 0 0 0 0 0 2477 1204 1217 1219 1199 1206 1209 1209 1206 
16:51:51:124 -> 2480 0 0 0 0 0 0 2479 1211 1204 1206 1206 1209 1209 1222 1206 
16:51:51:124 -> 2481 0 0 0 0 0 0 2479 1217 1209 1204 1206 1219 1222 1220 1211 
16:51:51:124 -> 2479 0 0 0 0 0 0 2478 1207 1206 1206 1202 1206 1206 1207 1209 
16:51:51:124 -> 2479 0 0 0 0 0 0 2479 1209 1224 1213 1204 1204 1209 1217 1217 
16:51:51:124 -> 2479 0 0 0 0 0 0 2477 1217 1209 1206 1209 1209 1209 1219 1217 
16:51:51:124 -> 2479 0 0 0 0 0 0 2479 1223 1224 1222 1206 1204 1222 1224 1209 
16:51:51:124 -> 2481 0 0 0 0 0 0 2475 1198 1202 1209 1209 1206 1204 1204 1220 
16:51:51:124 -> 2479 0 0 0 0 0 0 2479 1219 1206 1199 1219 1209 1207 1204 1206 
16:51:51:124 -> 2479 0 0 0 0 0 0 2479 1209 1222 1206 1206 1204 1222 1206 1209 
16:51:51:124 -> 2479 0 0 0 0 0 0 2479 1202 1213 1206 1209 1202 1209 1199 1211 
16:51:51:124 -> 2479 0 0 0 0 0 0 2479 1209 1213 1204 1209 1206 1222 1209 1209 
16:51:51:124 -> 2479 0 0 0 0 0 0 2477 1202 1219 1201 1199 1194 1207 1209 1222 
16:51:51:124 -> 2479 0 0 0 0 0 0 2478 1204 1206 1198 1211 1204 1209 1198 1222 
16:51:51:124 -> 2479 0 0 0 0 0 0 2479 1220 1217 1194 1206 1204 1224 1228 1207 
16:51:51:124 -> 2480 0 0 0 0 0 0 2479 1206 1222 1209 1206 1196 1213 1202 1209 
16:51:51:124 -> 2479 0 0 0 0 0 0 2477 1199 1228 1196 1206 1199 1219 1196 1206 
16:51:51:124 -> 2479 0 0 0 0 0 0 2479 1209 1219 1186 1204 1196 1217 1204 1209 
16:51:51:124 -> 2479 0 0 0 0 0 0 2479 1194 1223 1202 1217 1198 1206 1196 1222 
16:51:51:124 -> 2479 0 0 0 0 0 0 2479 1204 1211 1194 1209 1196 1209 1196 1209 
16:51:51:124 -> 2478 0 0 0 0 0 0 2479 1198 1232 1201 1229 1194 1217 1196 1224 
16:51:51:124 -> 2479 0 0 0 0 0 0 2477 1202 1213 1182 1204 1194 1204 1185 1219 
16:51:51:124 -> 2479 0 0 0 0 0 0 2479 1198 1219 1222 1196 1186 1202 1183 1199 
16:51:51:124 -> 2479 0 0 0 0 0 0 2478 1184 1204 1147 1206 1191 1204 1183 1204 
16:51:51:124 -> 2479 0 0 0 0 0 0 2477 1196 1231 1194 1191 1163 1219 1198 1196 
16:51:51:124 -> 2479 0 0 0 0 0 0 2479 1173 1206 1191 1209 1179 1196 1191 1229 
16:51:51:124 -> 2479 0 0 0 0 0 0 2479 1191 1202 1185 1226 1196 1206 1178 1209 
16:51:51:124 -> 2479 0 0 0 0 0 0 2479 1192 1220 1188 1213 1195 1206 1183 1217 
16:51:51:124 -> 2479 0 0 0 0 0 0 2477 1192 1207 1183 1204 1185 1209 1184 1206 
16:51:51:124 -> 2479 0 0 0 0 0 0 2479 1195 1226 1182 1199 1184 1222 1191 1220 
16:51:51:124 -> 2480 0 0 0 0 0 0 2477 1185 1217 1186 1217 1185 1217 1198 1241 
16:51:51:124 -> 2479 0 0 0 0 0 0 2477 1199 1204 1172 1222 1194 1228 1185 1195 
16:51:51:124 -> 2479 0 0 0 0 0 0 2479 1184 1239 1194 1209 1184 1219 1191 1226 
16:51:51:124 -> 2479 0 0 0 0 0 0 2479 1185 1209 1183 1224 1186 1207 1183 1224 
16:51:51:124 -> 2479 0 0 0 0 0 0 2479 1196 1239 1194 1209 1183 1233 1194 1196 
16:51:51:124 -> 2479 0 0 0 0 0 0 2478 1175 1229 1185 1206 1178 1213 1191 1228 
16:51:51:124 -> 2479 0 0 0 0 0 0 2479 1178 1206 1188 1228 1178 1206 1183 1222 
16:51:51:124 -> 2479 0 0 0 0 0 0 2477 1186 1222 1179 1234 1202 1213 1173 1232 
16:51:51:124 -> 2479 0 0 0 0 0 0 2479 1195 1206 1178 1228 1186 1222 1183 1222 
16:51:51:124 -> 2479 0 0 0 0 0 0 2479 1191 1241 1183 1206 1191 1239 1191 1222 
16:51:51:124 -> 2480 0 0 0 0 0 0 2478 1191 1243 1196 1222 1182 1236 1207 1234 
16:51:51:124 -> 2479 0 0 0 0 0 0 2479 1183 1229 1202 1228 1175 1228 1194 1239 
16:51:51:124 -> 2479 0 0 0 0 0 0 2479 1194 1222 1183 1243 1204 1224 1183 1243 
16:51:51:124 -> 2479 0 0 0 0 0 0 2479 1204 1226 1175 1231 1198 1233 1184 1228 
16:51:56:244 -> 2479 0 0 0 0 0 0 2478 1192 1257 1206 1219 1178 1234 1199 1220 
16:51:56:244 -> 2479 0 0 0 0 0 0 2478 1172 1234 1198 1228 1178 1231 1192 1236 
16:51:56:244 -> 2479 0 0 0 0 0 0 2479 1189 1229 1183 1239 1194 1228 1182 1234 
16:51:56:244 -> 2479 0 0 0 0 0 0 2478 1201 1236 1178 1228 1199 1248 1194 1224 
16:51:56:244 -> 2479 0 0 0 0 0 0 2478 1191 1245 1186 1225 1184 1233 1196 1234 
16:51:56:244 -> 2479 0 0 0 0 0 0 2479 1183 1239 1194 1228 1172 1231 1194 1234 
16:51:56:244 -> 2478 0 0 0 0 0 0 2478 1186 1236 1183 1234 1191 1229 1184 1248 
16:51:56:244 -> 2479 0 0 0 0 0 0 2479 1206 1234 1173 1226 1185 1234 1188 1231 
16:51:56:244 -> 2479 0 0 0 0 0 0 2478 1185 1243 1183 1222 1183 1246 1191 1232 
16:51:56:244 -> 2479 0 0 0 0 0 0 2479 1186 1243 1191 1228 1178 1234 1196 1242 
16:51:56:244 -> 2479 0 0 0 0 0 0 2479 1185 1234 1196 1248 1185 1224 1186 1245 
16:51:56:244 -> 2479 0 0 0 0 0 0 2479 1191 1231 1183 1234 1191 1236 1178 1232 
16:51:56:244 -> 2479 0 0 0 0 0 0 2479 1195 1245 1182 1224 1185 1245 1194 1231 
16:51:56:244 -> 2479 0 0 0 0 0 0 2479 1179 1243 1191 1239 1182 1229 1186 1260 
16:51:56:244 -> 2479 0 0 0 0 0 0 2479 1198 1231 1182 1253 1194 1222 1175 1245 
16:51:56:244 -> 2479 0 0 0 0 0 0 2479 1199 1243 1178 1234 1192 1248 1186 1236 
16:51:56:244 -> 2479 0 0 0 0 0 0 2479 1194 1251 1196 1239 1184 1241 1184 1236 
16:51:56:244 -> 2481 0 0 0 0 0 0 2479 1192 1249 1185 1239 1196 1241 1183 1248 
16:51:56:244 -> 2479 0 0 0 0 0 0 2479 1204 1241 1172 1241 1198 1248 1184 1236 
16:51:56:244 -> 2479 0 0 0 0 0 0 2479 1198 1260 1198 1239 1189 1248 1195 1229 
16:51:56:244 -> 2479 0 0 0 0 0 0 2477 1173 1245 1191 1239 1182 1239 1196 1251 
16:51:56:244 -> 2480 0 0 0 0 0 0 2479 1191 1234 1178 1245 1191 1228 1178 1239 
16:51:56:244 -> 2481 0 0 0 0 0 0 2479 1196 1251 1170 1222 1185 1245 1183 1234 
16:51:56:244 -> 2479 0 0 0 0 0 0 2479 1178 1232 1178 1234 1184 1232 1173 1231 
16:51:56:244 -> 2479 0 0 0 0 0 0 2479 1183 1241 1178 1241 1189 1234 1172 1236 
16:51:56:244 -> 2479 0 0 0 0 0 0 2478 1178 1226 1178 1232 1175 1231 1172 1234 
16:51:56:244 -> 2479 0 0 0 0 0 0 2479 1194 1243 1167 1222 1191 1236 1178 1234 
16:51:56:244 -> 2479 0 0 0 0 0 0 2479 1159 1248 1222 1211 1122 1234 1213 1266 
16:51:56:244 -> 2479 0 0 0 0 0 0 2479 1182 1191 1146 1269 1228 1222 1151 1234 
16:51:56:244 -> 2479 0 0 0 0 0 0 2479 1204 1260 1178 1198 1169 1257 1195 1228 
16:51:56:244 -> 2479 0 0 0 0 0 0 2479 1162 1242 1195 1257 1184 1229 1173 1248 
16:51:56:244 -> 2480 0 0 0 0 0 0 2479 1194 1234 1170 1229 1183 1255 1183 1222 
16:51:56:244 -> 2480 0 0 0 0 0 0 2478 1175 1253 1196 1234 1172 1239 1192 1245 
16:51:56:244 -> 2480 0 0 0 0 0 0 2479 1183 1231 1173 1243 1186 1236 1176 1234 
16:51:56:244 -> 2479 0 0 0 0 0 0 2479 1185 1250 1183 1231 1178 1242 1182 1232 
16:51:56:244 -> 2481 0 0 0 0 0 0 2478 1178 1239 1184 1241 1178 1231 1184 1245 
16:51:56:244 -> 2479 0 0 0 0 0 0 2479 1185 1243 1176 1234 1185 1236 1178 1236 
16:51:56:244 -> 2479 0 0 0 0 0 0 2479 1184 1245 1183 1236 1176 1234 1183 1241 
16:51:56:244 -> 2479 0 0 0 0 0 0 2479 1185 1241 1182 1241 1196 1242 1178 1243 
16:51:56:244 -> 2479 0 0 0 0 0 0 2477 1191 1243 1179 1242 1192 1241 1178 1242 
16:51:56:244 -> 2480 0 0 0 0 0 0 2479 1198 1248 1182 1241 1186 1248 1191 1234 
16:51:56:244 -> 2480 0 0 0 0 0 0 2479 1183 1245 1183 1231 1183 1253 1189 1234 
16:51:56:244 -> 2479 0 0 0 0 0 0 2479 1183 1242 1183 1241 1185 1242 1186 1241 
16:51:56:244 -> 2479 0 0 0 0 0 0 2479 1184 1245 1183 1241 1191 1242 1191 1245 
16:51:56:244 -> 2480 0 0 0 0 0 0 2479 1186 1245 1184 1251 1198 1245 1183 1241 
16:51:56:244 -> 2479 0 0 0 0 0 0 2479 1189 1245 1185 1241 1191 1242 1178 1241 
16:51:56:244 -> 2479 0 0 0 0 0 0 2477 1195 1245 1184 1241 1186 1245 1186 1242 
16:51:56:244 -> 2481 0 0 0 0 0 0 2479 1194 1257 1198 1233 1182 1245 1194 1250 
16:51:56:244 -> 2480 0 0 0 0 0 0 2479 1198 1245 1183 1241 1191 1245 1185 1245 
16:51:56:244 -> 2481 0 0 0 0 0 0 2479 1194 1245 1184 1245 1191 1245 1194 1243 
16:51:56:244 -> 2479 0 0 0 0 0 0 2477 1186 1257 1199 1242 1185 1236 1194 1248 
16:51:56:244 -> 2479 0 0 0 0 0 0 2479 1198 1245 1182 1251 1194 1239 1189 1255 
16:51:56:244 -> 2480 0 0 0 0 0 0 2479 1196 1245 1191 1241 1186 1245 1196 1251 
16:51:56:244 -> 2480 0 0 0 0 0 0 2479 1198 1229 1173 1245 1194 1236 1185 1248 
16:51:56:244 -> 2486 0 0 0 0 0 0 2479 1198 1248 1192 1245 1194 1248 1192 1243 
16:51:56:244 -> 2479 0 0 0 0 0 0 2479 1194 1255 1198 1241 1195 1248 1194 1236 
16:51:56:244 -> 2479 0 0 0 0 0 0 2479 1192 1251 1198 1242 1185 1236 1191 1248 
16:51:56:244 -> 2479 0 0 0 0 0 0 2479 1194 1239 1184 1245 1201 1241 1191 1248 
16:51:56:244 -> 2479 0 0 0 0 0 0 2479 1202 1245 1183 1246 1206 1248 1192 1251 
16:51:56:244 -> 2479 0 0 0 0 0 0 2479 1206 1255 1194 1242 1194 1245 1196 1255 
16:51:56:244 -> 2479 0 0 0 0 0 0 2479 1196 1250 1198 1245 1194 1253 1202 1248 
16:51:56:244 -> 2479 0 0 0 0 0 0 2477 1201 1253 1202 1245 1198 1254 1206 1248 
16:51:56:244 -> 2479 0 0 0 0 0 0 2477 1198 1253 1204 1251 1209 1251 1204 1249 
16:51:56:244 -> 2479 0 0 0 0 0 0 2479 1206 1253 1191 1248 1198 1248 1206 1248 
16:51:58:404 -> 2479 0 0 0 0 0 0 2479 1198 1268 1222 1251 1194 1245 1206 1254 
16:51:58:404 -> 2480 0 0 0 0 0 0 2479 1202 1246 1198 1251 1202 1248 1209 1259 
16:51:58:404 -> 2479 0 0 0 0 0 0 2477 1220 1266 1206 1248 1209 1253 1202 1257 
16:51:58:404 -> 2479 0 0 0 0 0 0 2479 1206 1248 1207 1245 1191 1257 1229 1248 
16:51:58:404 -> 2479 0 0 0 0 0 0 2478 1198 1257 1207 1251 1209 1246 1204 1259 
16:51:58:404 -> 2479 0 0 0 0 0 0 2477 1207 1245 1204 1257 1220 1254 1209 1254 
16:51:58:404 -> 2479 0 0 0 0 0 0 2477 1204 1254 1202 1243 1207 1248 1204 1255 
16:51:58:404 -> 2479 0 0 0 0 0 0 2479 1209 1248 1202 1254 1207 1234 1196 1253 
16:51:58:404 -> 2481 0 0 0 0 0 0 2477 1206 1251 1204 1245 1209 1259 1206 1249 
16:51:58:404 -> 2479 0 0 0 0 0 0 2479 1224 1260 1199 1241 1209 1253 1209 1243 
16:51:58:404 -> 2479 0 0 0 0 0 0 2478 1199 1251 1217 1243 1198 1245 1209 1253 
16:51:58:404 -> 2479 0 0 0 0 0 0 2479 1209 1251 1211 1245 1206 1246 1209 1261 
16:51:58:404 -> 2479 0 0 0 0 0 0 2477 1220 1258 1217 1248 1199 1248 1206 1245 
16:51:58:404 -> 2481 0 0 0 0 0 0 2478 1209 1243 1196 1242 1209 1245 1202 1236 
16:51:58:404 -> 2479 0 0 0 0 0 0 2479 1204 1245 1204 1241 1199 1234 1202 1242 
16:51:58:404 -> 2479 0 0 0 0 0 0 2479 1206 1241 1204 1242 1206 1231 1194 1231 
16:51:58:404 -> 2479 0 0 0 0 0 0 2477 1198 1248 1194 1222 1195 1243 1204 1228 
16:51:58:404 -> 2479 0 0 0 0 0 0 2478 1195 1241 1196 1231 1198 1236 1206 1232 
16:51:58:404 -> 2479 0 0 0 0 0 0 2479 1196 1239 1206 1241 1204 1241 1201 1229 
16:51:58:404 -> 2481 0 0 0 0 0 0 2479 1204 1236 1186 1236 1207 1232 1198 1234 
16:51:58:404 -> 2481 0 0 0 0 0 0 2477 1204 1245 1204 1226 1194 1242 1217 1234 
16:51:58:404 -> 2489 0 0 0 0 0 0 2478 1206 1239 1206 1234 1204 1234 1213 1242 
16:51:58:404 -> 2479 0 0 0 0 0 0 2479 1207 1236 1206 1234 1198 1242 1209 1236 
16:51:58:404 -> 2479 0 0 0 0 0 0 2479 1217 1236 1198 1234 1206 1236 1206 1241 
16:51:58:404 -> 2479 0 0 0 0 0 0 2479 1220 1242 1206 1241 1222 1243 1220 1248 
16:51:58:404 -> 2479 0 0 0 0 0 0 2479 1228 1245 1204 1234 1209 1239 1217 1245 
16:51:58:404 -> 2479 10 0 0 0 0 0 2479 1222 1255 1222 1236 1217 1241 1209 1236 
16:52:03:524 -> 2478 0 0 0 0 0 0 2479 1224 1261 1231 1231 1204 1245 1222 1241 
16:52:03:524 -> 2479 0 0 0 0 0 0 2478 1228 1253 1231 1236 1217 1243 1217 1242 
16:52:03:524 -> 2479 0 0 0 0 0 0 2478 1220 1237 1217 1245 1219 1234 1222 1242 
16:52:03:524 -> 2479 0 0 0 0 0 0 2478 1219 1242 1222 1245 1220 1231 1217 1245 
16:52:03:524 -> 2479 0 0 0 0 0 0 2478 1234 1236 1211 1242 1222 1229 1209 1236 
16:52:03:524 -> 2479 0 0 0 0 0 0 2477 1219 1234 1207 1225 1204 1234 1231 1239 
16:52:03:524 -> 2479 0 0 0 0 0 0 2479 1209 1231 1217 1234 1207 1219 1206 1242 
16:52:03:524 -> 2480 0 0 0 0 0 0 2479 1222 1229 1219 1242 1228 1234 1222 1232 
16:52:03:524 -> 2479 0 0 0 0 0 0 2477 1209 1232 1219 1234 1219 1232 1219 1242 
16:52:03:524 -> 2480 0 0 0 0 0 0 2477 1229 1231 1209 1241 1228 1234 1219 1234 
16:52:03:524 -> 2479 0 0 0 0 0 0 2479 1234 1245 1209 1234 1229 1234 1222 1241 
16:52:03:524 -> 2479 0 0 0 0 0 0 2479 1228 1234 1209 1229 1220 1236 1234 1234 
16:52:03:524 -> 2479 0 0 0 0 0 0 2479 1223 1231 1211 1232 1223 1234 1223 1243 
16:52:03:524 -> 2480 0 0 0 0 0 0 2479 1228 1228 1228 1233 1219 1234 1220 1234 
16:52:03:524 -> 2486 0 0 0 0 0 0 2479 1228 1225 1206 1228 1224 1231 1219 1231 
16:52:03:524 -> 2481 0 0 0 0 0 0 2479 1231 1236 1219 1225 1225 1243 1228 1226 
16:52:03:524 -> 2479 0 0 0 0 0 0 2479 1228 1243 1228 1225 1222 1236 1234 1234 
16:52:03:524 -> 2479 0 0 0 0 0 0 2479 1239 1242 1228 1232 1234 1224 1228 1237 
16:52:03:524 -> 2479 0 0 0 0 0 0 2478 1228 1231 1222 1222 1229 1239 1236 1236 
16:52:03:524 -> 2479 0 0 0 0 0 0 2478 1231 1243 1232 1229 1231 1242 1239 1229 
16:52:03:524 -> 2479 0 0 0 0 0 0 2478 1228 1231 1228 1231 1222 1222 1224 1234 
16:52:03:524 -> 2479 0 0 0 0 0 0 2478 1236 1241 1231 1231 1229 1228 1228 1229 
16:52:03:524 -> 2481 0 0 0 0 0 0 2478 1231 1225 1213 1217 1223 1229 1228 1213 
16:52:03:524 -> 2489 0 0 0 0 0 0 2479 1217 1222 1220 1209 1217 1228 1228 1206 
16:52:03:524 -> 2479 0 0 0 0 0 0 2478 1209 1219 1211 1209 1209 1206 1207 1209 
16:52:03:524 -> 2479 0 0 0 0 0 0 2479 1224 1219 1206 1199 1202 1195 1199 1209 
16:52:03:524 -> 2482 0 0 0 0 0 0 2479 1217 1204 1198 1196 1219 1255 1209 1199 
16:52:03:524 -> 2480 0 0 0 0 0 0 2479 1209 1211 1219 1209 1183 1209 1222 1219 
16:52:03:524 -> 2481 0 0 0 0 0 0 2479 1225 1217 1219 1211 1222 1213 1225 1224 
16:52:03:524 -> 2482 0 0 0 0 0 0 2478 1231 1223 1231 1217 1225 1219 1231 1224 
16:52:03:524 -> 2479 0 0 0 0 0 0 2479 1239 1222 1217 1222 1234 1222 1226 1207 
16:52:03:524 -> 2481 0 0 0 0 0 0 2479 1226 1226 1229 1209 1222 1222 1232 1219 
16:52:03:524 -> 2479 0 0 0 0 0 0 2479 1228 1219 1222 1206 1220 1204 1220 1204 
16:52:03:524 -> 2481 0 0 0 0 0 0 2479 1222 1222 1224 1202 1209 1209 1228 1206 
16:52:03:524 -> 2482 0 0 0 0 0 0 2479 1219 1204 1219 1206 1220 1204 1223 1209 
16:52:03:524 -> 2481 0 0 0 0 0 0 2479 1229 1209 1217 1206 1228 1207 1225 1206 
16:52:03:524 -> 2481 0 0 0 0 0 0 2479 1224 1206 1222 1206 1228 1206 1222 1206 
16:52:03:524 -> 2480 0 0 0 0 0 0 2479 1231 1207 1213 1206 1231 1206 1222 1204 
16:52:03:524 -> 2480 0 0 0 0 0 0 2479 1222 1209 1233 1204 1209 1198 1228 1209 
16:52:03:524 -> 2481 0 0 0 0 0 0 2479 1229 1206 1222 1211 1231 1198 1219 1202 
16:52:03:524 -> 2481 0 0 0 0 0 0 2479 1224 1206 1209 1194 1217 1202 1224 1204 
16:52:03:524 -> 2481 0 0 0 0 0 0 2478 1222 1202 1220 1194 1209 1195 1222 1195 
16:52:03:524 -> 2479 0 0 0 0 0 0 2478 1219 1194 1206 1185 1207 1194 1219 1198 
16:52:03:524 -> 2481 0 0 0 0 0 0 2479 1213 1191 1206 1184 1206 1191 1209 1191 
16:52:03:524 -> 2481 0 0 0 0 0 0 2478 1209 1184 1204 1183 1206 1183 1206 1182 
16:52:03:524 -> 2481 0 0 0 0 0 0 2479 1202 1183 1198 1178 1206 1183 1204 1182 
16:52:03:524 -> 2479 0 0 0 0 0 0 2479 1198 1172 1191 1173 1198 1173 1194 1170 
16:52:03:524 -> 2479 0 0 0 0 0 0 2479 1196 1173 1191 1170 1191 1167 1192 1170 
16:52:03:524 -> 2479 0 0 0 0 0 0 2479 1192 1172 1198 1169 1191 1176 1206 1191 
16:52:03:524 -> 2481 0 0 0 0 0 0 2479 1222 1194 1219 1194 1222 1202 1231 1194 
16:52:03:524 -> 2479 0 0 0 0 0 0 2479 1222 1206 1233 1198 1231 1202 1234 1198 
16:52:03:524 -> 2479 0 0 0 0 0 0 2477 1228 1191 1217 1198 1229 1191 1224 1198 
16:52:03:524 -> 2479 0 0 0 0 0 0 2478 1234 1202 1228 1198 1234 1204 1239 1204 
16:52:03:524 -> 2479 0 0 0 0 0 0 2477 1234 1206 1236 1219 1241 1206 1246 1207 
16:52:03:524 -> 2480 0 0 0 0 0 0 2477 1243 1222 1245 1222 1264 1231 1257 1222 
16:52:03:524 -> 2479 0 0 0 0 0 0 2479 1262 1234 1245 1222 1251 1222 1257 1211 
16:52:03:524 -> 2479 0 0 0 0 0 0 2479 1245 1222 1248 1207 1245 1211 1251 1228 
16:52:03:524 -> 2479 0 0 0 0 0 0 2477 1254 1224 1251 1219 1253 1222 1254 1222 
16:52:03:524 -> 2479 0 0 0 0 0 0 2477 1248 1213 1245 1209 1236 1194 1241 1204 
16:52:03:524 -> 2480 0 0 0 0 0 0 2477 1241 1206 1245 1206 1234 1209 1242 1202 
16:52:03:524 -> 2479 0 0 0 0 0 0 2479 1251 1209 1234 1204 1248 1206 1245 1213 
16:52:03:524 -> 2481 0 0 0 0 0 0 2479 1253 1231 1257 1209 1248 1222 1258 1220 
16:52:03:524 -> 2480 0 0 0 0 0 0 2478 1251 1222 1251 1209 1248 1196 1239 1204 
16:52:03:524 -> 2479 0 0 0 0 0 0 2479 1251 1219 1236 1199 1245 1206 1242 1195 
16:52:08:644 -> 2480 0 0 0 0 0 0 2477 1236 1222 1254 1191 1219 1202 1255 1211 
16:52:08:644 -> 2479 0 0 0 0 0 0 2477 1250 1207 1245 1219 1253 1206 1245 1209 
16:52:08:644 -> 2480 0 0 0 0 0 0 2477 1272 1239 1255 1196 1257 1241 1260 1204 
16:52:08:644 -> 2479 0 0 0 0 0 0 2479 1248 1229 1268 1231 1251 1209 1268 1222 
16:52:08:644 -> 2479 0 0 0 0 0 0 2478 1248 1222 1268 1219 1257 1228 1260 1217 
16:52:08:644 -> 2479 0 0 0 0 0 0 2475 1259 1234 1271 1231 1283 1243 1273 1231 
16:52:08:644 -> 2478 0 0 0 0 0 0 2479 1289 1245 1265 1236 1283 1242 1286 1242 
16:52:08:644 -> 2481 0 0 0 0 0 0 2479 1283 1251 1286 1239 1284 1251 1284 1239 
16:52:08:644 -> 2480 0 0 0 0 0 0 2479 1279 1241 1279 1243 1284 1248 1294 1248 
16:52:08:644 -> 2481 0 0 0 0 0 0 2477 1279 1242 1283 1232 1271 1243 1284 1236 
16:52:08:644 -> 2479 0 0 0 0 0 0 2477 1280 1228 1267 1241 1281 1222 1261 1241 
16:52:08:644 -> 2479 0 0 0 0 0 0 2477 1295 1242 1260 1223 1274 1241 1269 1219 
16:52:08:644 -> 2481 0 0 0 0 0 0 2479 1279 1248 1272 1204 1268 1241 1268 1219 
16:52:08:644 -> 2480 0 0 0 0 0 0 2479 1276 1236 1271 1223 1268 1231 1278 1225 
16:52:08:644 -> 2480 0 0 0 0 0 0 2477 1267 1234 1278 1222 1259 1223 1272 1222 
16:52:08:644 -> 2479 0 0 0 0 0 0 2478 1268 1232 1274 1231 1272 1204 1259 1232 
16:52:08:644 -> 2479 0 0 0 0 0 0 2479 1278 1228 1251 1206 1271 1232 1266 1228 
16:52:08:644 -> 2480 0 0 0 0 0 0 2478 1283 1246 1276 1234 1289 1232 1276 1228 
16:52:08:644 -> 2479 0 0 0 0 0 0 2477 1276 1228 1268 1222 1274 1234 1278 1234 
16:52:08:644 -> 2480 0 0 0 0 0 0 2479 1276 1225 1271 1222 1266 1228 1271 1234 
16:52:08:644 -> 2479 0 0 0 0 0 0 2479 1279 1222 1260 1226 1273 1206 1255 1219 
16:52:08:644 -> 2479 0 0 0 0 0 0 2478 1269 1229 1272 1228 1272 1213 1259 1213 
16:52:08:644 -> 2481 0 0 0 0 0 0 2479 1276 1239 1268 1192 1251 1232 1268 1204 
16:52:08:644 -> 2481 0 0 0 0 0 0 2479 1260 1209 1257 1207 1257 1219 1279 1226 
16:52:08:644 -> 2480 0 0 0 0 0 0 2479 1255 1209 1268 1209 1254 1206 1261 1222 
16:52:08:644 -> 2479 0 0 0 0 0 0 2478 1274 1222 1260 1222 1271 1206 1257 1225 
16:52:08:644 -> 2479 0 0 0 0 0 0 2477 1273 1202 1253 1198 1251 1231 1260 1191 
16:52:08:644 -> 2479 0 0 0 0 0 0 2477 1253 1224 1274 1207 1248 1204 1268 1229 
16:52:08:644 -> 2481 0 0 0 0 0 0 2477 1274 1204 1251 1222 1271 1206 1255 1222 
16:52:08:644 -> 2479 0 0 0 0 0 0 2479 1276 1228 1253 1204 1261 1209 1266 1206 
16:52:08:644 -> 2481 0 0 0 0 0 0 2479 1264 1219 1258 1206 1259 1219 1276 1219 
16:52:08:644 -> 2479 0 0 0 0 0 0 2477 1260 1222 1269 1206 1260 1206 1266 1219 
16:52:08:644 -> 2479 0 0 0 0 0 0 2477 1268 1229 1279 1204 1248 1194 1257 1204 
16:52:08:644 -> 2479 0 0 0 0 0 0 2477 1253 1204 1245 1198 1267 1206 1248 1204 
16:52:08:644 -> 2479 0 0 0 0 0 0 2478 1268 1209 1248 1194 1259 1224 1271 1192 
16:52:08:644 -> 2480 0 0 0 0 0 0 2477 1243 1206 1258 1194 1245 1206 1279 1219 
16:52:08:644 -> 2479 0 0 0 0 0 0 2478 1260 1196 1260 1229 1268 1198 1257 1207 
16:52:08:644 -> 2480 0 0 0 0 0 0 2477 1266 1209 1248 1198 1267 1202 1248 1198 
16:52:08:644 -> 2479 0 0 0 0 0 0 2479 1268 1222 1251 1198 1260 1204 1261 1209 
16:52:08:644 -> 2481 0 0 0 0 0 0 2479 1258 1209 1268 1213 1257 1198 1260 1207 
16:52:08:644 -> 2479 0 0 0 0 0 0 2479 1265 1198 1245 1206 1279 1211 1248 1206 
16:52:08:644 -> 2480 0 0 0 0 0 0 2479 1278 1234 1278 1206 1260 1229 1283 1219 
16:52:08:644 -> 2479 0 0 0 0 0 0 2477 1264 1207 1268 1234 1278 1186 1236 1206 
16:52:08:644 -> 2481 0 0 0 0 0 0 2475 1284 1222 1257 1194 1255 1209 1259 1194 
16:52:08:644 -> 2479 0 0 0 0 0 0 2479 1253 1222 1279 1220 1257 1206 1264 1201 
16:52:08:644 -> 2479 0 0 0 0 0 0 2479 1242 1191 1251 1204 1264 1207 1255 1204 
16:52:08:644 -> 2479 0 0 0 0 0 0 2479 1271 1213 1257 1213 1283 1236 1284 1209 
16:52:08:644 -> 2479 0 0 0 0 0 0 2479 1260 1229 1279 1204 1255 1224 1294 1234 
16:52:08:644 -> 2479 0 0 0 0 0 0 2479 1272 1206 1279 1248 1306 1229 1266 1232 
16:52:08:644 -> 2479 0 0 0 0 0 0 2479 1308 1272 1292 1217 1292 1280 1328 1239 
16:52:08:644 -> 2479 0 0 0 0 0 0 2479 1280 1243 1306 1255 1294 1234 1295 1251 
16:52:08:644 -> 2479 0 0 0 0 0 0 2479 1308 1248 1289 1234 1292 1234 1282 1232 
16:52:08:644 -> 2481 0 0 0 0 0 0 2479 1292 1239 1282 1232 1292 1234 1282 1228 
16:52:08:644 -> 2481 0 0 0 0 0 0 2478 1279 1222 1268 1209 1267 1206 1266 1206 
16:52:08:644 -> 2479 0 0 0 0 0 0 2479 1261 1198 1245 1194 1253 1198 1248 1188 
16:52:08:644 -> 2479 0 0 0 0 0 0 2478 1245 1194 1243 1178 1232 1182 1241 1184 
16:52:08:644 -> 2479 0 0 0 0 0 0 2479 1239 1191 1239 1175 1231 1169 1229 1175 
16:52:08:644 -> 2480 0 0 0 0 0 0 2479 1222 1175 1229 1167 1231 1178 1223 1170 
16:52:08:644 -> 2479 0 0 0 0 0 0 2479 1239 1182 1224 1169 1228 1178 1234 1170 
16:52:08:644 -> 2481 0 0 0 0 0 0 2477 1222 1175 1231 1178 1234 1178 1231 1178 
16:52:08:644 -> 2479 0 0 0 0 0 0 2479 1236 1186 1239 1167 1222 1173 1236 1175 
16:52:08:644 -> 2479 0 0 0 0 0 0 2479 1232 1184 1236 1185 1232 1173 1241 1186 
16:52:08:644 -> 2479 0 0 0 0 0 0 2479 1231 1170 1229 1173 1233 1184 1239 1172 
16:52:08:644 -> 2479 0 0 0 0 0 0 2479 1232 1191 1234 1173 1234 1184 1241 1184 
16:52:13:764 -> 2480 0 0 0 0 0 0 2478 1234 1194 1251 1186 1228 1172 1234 1209 
16:52:13:764 -> 2479 0 0 0 0 0 0 2479 1246 1186 1234 1184 1229 1178 1234 1173 
16:52:13:764 -> 2480 0 0 0 0 0 0 2478 1241 1191 1231 1167 1222 1172 1232 1178 
16:52:13:764 -> 2481 0 0 0 0 0 0 2479 1229 1173 1231 1173 1231 1175 1229 1170 
16:52:13:764 -> 2479 0 0 0 0 0 0 2477 1228 1179 1234 1173 1234 1178 1234 1169 
16:52:13:764 -> 2479 0 0 0 0 0 0 2479 1228 1169 1211 1162 1211 1159 1220 1160 
16:52:13:764 -> 2479 0 0 0 0 0 0 2475 1207 1160 1222 1157 1204 1153 1217 1163 
16:52:13:764 -> 2479 0 0 0 0 0 0 2478 1206 1157 1217 1163 1219 1162 1211 1170 
16:52:13:764 -> 2479 0 0 0 0 0 0 2477 1231 1198 1204 1157 1224 1157 1204 1151 
16:52:13:764 -> 2479 0 0 0 0 0 0 2478 1222 1170 1209 1156 1219 1172 1222 1160 
16:52:13:764 -> 2479 0 0 0 0 0 0 2478 1224 1173 1220 1162 1226 1173 1234 1162 
16:52:13:764 -> 2479 0 0 0 0 0 0 2479 1209 1173 1234 1167 1198 1167 1232 1167 
16:52:13:764 -> 2480 0 0 0 0 0 0 2478 1209 1169 1219 1170 1229 1159 1222 1173 
16:52:13:764 -> 2479 0 0 0 0 0 0 2478 1229 1170 1209 1155 1222 1178 1231 1157 
16:52:13:764 -> 2477 0 0 0 0 0 0 2478 1206 1169 1228 1151 1191 1157 1232 1172 
16:52:13:764 -> 2479 0 0 0 0 0 0 2477 1209 1148 1199 1175 1233 1169 1209 1173 
16:52:13:764 -> 2479 0 0 0 0 0 0 2477 1234 1167 1204 1160 1228 1178 1226 1156 
16:52:13:764 -> 2479 0 0 0 0 0 0 2477 1209 1182 1234 1156 1198 1176 1241 1178 
16:52:13:764 -> 2479 0 0 0 0 0 0 2479 1209 1155 1209 1186 1239 1155 1204 1178 
16:52:13:764 -> 2481 0 0 0 0 0 0 2477 1241 1173 1209 1167 1241 1195 1231 1156 
16:52:13:764 -> 2479 0 0 0 0 0 0 2479 1231 1191 1209 1148 1228 1191 1242 1166 
16:52:13:764 -> 2481 0 0 0 0 0 0 2475 1194 1178 1266 1191 1202 1149 1229 1198 
16:52:13:764 -> 2479 0 0 0 0 0 0 2477 1243 1156 1198 1178 1254 1183 1206 1153 
16:52:13:764 -> 2481 0 0 0 0 0 0 2477 1242 1204 1211 1141 1222 1204 1236 1141 
16:52:13:764 -> 2479 0 0 0 0 0 0 2479 1196 1198 1257 1156 1186 1159 1234 1183 
16:52:13:764 -> 2479 0 0 0 0 0 0 2477 1222 1157 1222 1194 1236 1153 1199 1186 
16:52:13:764 -> 2479 0 0 0 0 0 0 2479 1239 1155 1204 1178 1231 1167 1206 1160 
16:52:13:764 -> 2479 0 0 0 0 0 0 2479 1231 1191 1206 1143 1209 1178 1222 1157 
16:52:13:764 -> 2480 0 0 0 0 0 0 2479 1209 1178 1250 1167 1207 1163 1222 1173 
16:52:13:764 -> 2479 0 0 0 0 0 0 2477 1206 1157 1213 1173 1206 1141 1186 1191 
16:52:13:764 -> 2480 0 0 0 0 0 0 2479 1248 1151 1179 1160 1234 1173 1206 1160 
16:52:13:764 -> 2479 0 0 0 0 0 0 2477 1226 1191 1222 1151 1199 1184 1234 1155 
16:52:13:764 -> 2480 0 0 0 0 0 0 2479 1198 1173 1222 1167 1199 1151 1209 1186 
16:52:13:764 -> 2480 0 0 0 0 0 0 2479 1222 1156 1204 1167 1211 1157 1202 1170 
16:52:13:764 -> 2479 0 0 0 0 0 0 2479 1234 1183 1198 1148 1209 1178 1199 1147 
16:52:13:764 -> 2486 0 0 0 0 0 0 2479 1217 1169 1206 1153 1194 1167 1232 1172 
16:52:13:764 -> 2479 0 0 0 0 0 0 2479 1198 1159 1217 1138 1209 1156 1202 1175 
16:52:13:764 -> 2480 0 0 0 0 0 0 2477 1231 1172 1206 1163 1219 1175 1222 1156 
16:52:13:764 -> 2486 0 0 0 0 0 0 2477 1198 1178 1229 1163 1204 1172 1224 1175 
16:52:13:764 -> 2480 0 0 0 0 0 0 2479 1224 1167 1209 1178 1223 1170 1217 1175 
16:52:13:764 -> 2480 0 0 0 0 0 0 2479 1224 1175 1207 1167 1217 1178 1222 1167 
16:52:13:764 -> 2479 0 0 0 0 0 0 2479 1209 1184 1228 1163 1206 1173 1228 1175 
16:52:13:764 -> 2479 0 0 0 0 0 0 2479 1219 1173 1209 1175 1222 1167 1217 1183 
16:52:13:764 -> 2479 0 0 0 0 0 0 2479 1229 1179 1217 1173 1231 1184 1219 1173 
16:52:13:764 -> 2479 0 0 0 0 0 0 2479 1222 1178 1217 1173 1224 1173 1217 1178 
16:52:13:764 -> 2481 0 0 0 0 0 0 2478 1228 1182 1217 1176 1222 1178 1222 1173 
16:52:13:764 -> 2480 0 0 0 0 0 0 2479 1222 1183 1217 1170 1219 1179 1222 1173 
16:52:13:764 -> 2479 0 0 0 0 0 0 2478 1222 1184 1224 1175 1211 1172 1219 1178 
16:52:13:764 -> 2479 0 0 0 0 0 0 2477 1222 1178 1209 1179 1228 1173 1222 1175 
16:52:13:764 -> 2479 0 0 0 0 0 0 2477 1213 1178 1222 1184 1224 1178 1219 1184 
16:52:13:764 -> 2479 0 0 0 0 0 0 2479 1231 1178 1206 1173 1222 1178 1217 1178 
16:52:13:764 -> 2479 0 0 0 0 0 0 2479 1226 1183 1220 1173 1213 1182 1222 1182 
16:52:13:764 -> 2479 0 0 0 0 0 0 2479 1222 1182 1219 1178 1219 1178 1219 1185 
16:52:13:764 -> 2479 0 0 0 0 0 0 2477 1222 1178 1209 1173 1219 1179 1217 1175 
16:52:13:764 -> 2480 0 0 0 0 0 0 2478 1222 1182 1209 1173 1219 1182 1222 1178 
16:52:13:764 -> 2479 0 0 0 0 0 0 2477 1219 1183 1222 1183 1219 1175 1213 1183 
16:52:13:764 -> 2479 0 0 0 0 0 0 2479 1228 1184 1207 1173 1209 1169 1219 1183 
16:52:13:764 -> 2479 0 0 0 0 0 0 2479 1206 1170 1219 1184 1211 1163 1206 1185 
16:52:13:764 -> 2480 0 0 0 0 0 0 2479 1224 1182 1206 1173 1217 1176 1209 1179 
16:52:13:764 -> 2481 0 0 0 0 0 0 2477 1222 1184 1209 1173 1222 1191 1229 1178 
16:52:13:764 -> 2479 0 0 0 0 0 0 2477 1209 1172 1206 1185 1224 1178 1209 1183 
16:52:13:764 -> 2480 0 0 0 0 0 0 2479 1222 1175 1204 1170 1209 1173 1206 1182 
16:52:13:764 -> 2481 0 0 0 0 0 0 2479 1220 1178 1206 1176 1211 1184 1217 1183 
16:52:13:764 -> 2479 0 0 0 0 0 0 2479 1228 1186 1199 1160 1217 1191 1209 1170 
16:52:18:884 -> 2479 0 0 0 0 0 0 2477 1211 1196 1222 1178 1206 1178 1224 1183 
16:52:18:884 -> 2480 0 0 0 0 0 0 2479 1209 1183 1217 1184 1222 1184 1222 1194 
16:52:18:884 -> 2479 0 0 0 0 0 0 2479 1232 1191 1222 1185 1206 1179 1231 1204 
16:52:18:884 -> 2479 0 0 0 0 0 0 2479 1224 1175 1209 1189 1222 1194 1228 1185 
16:52:18:884 -> 2480 0 0 0 0 0 0 2479 1213 1186 1220 1186 1217 1186 1225 1198 
16:52:18:884 -> 2481 0 0 0 0 0 0 2479 1228 1184 1222 1206 1243 1183 1195 1194 
16:52:18:884 -> 2481 0 0 0 0 0 0 2479 1242 1192 1213 1182 1222 1206 1234 1173 
16:52:18:884 -> 2480 0 0 0 0 0 0 2479 1217 1222 1234 1178 1213 1199 1241 1196 
16:52:18:884 -> 2479 0 0 0 0 0 0 2478 1219 1189 1231 1204 1222 1194 1242 1206 
16:52:18:884 -> 2479 0 0 0 0 0 0 2477 1225 1185 1224 1185 1211 1194 1232 1194 
16:52:18:884 -> 2479 0 0 0 0 0 0 2479 1228 1189 1206 1194 1231 1186 1213 1198 
16:52:18:884 -> 2481 0 0 0 0 0 0 2479 1232 1194 1213 1196 1231 1202 1232 1194 
16:52:18:884 -> 2479 0 0 0 0 0 0 2477 1222 1198 1222 1185 1222 1209 1229 1173 
16:52:18:884 -> 2480 0 0 0 0 0 0 2478 1209 1199 1222 1191 1209 1191 1231 1194 
16:52:18:884 -> 2480 0 0 0 0 0 0 2479 1206 1191 1228 1194 1217 1192 1219 1194 
16:52:18:884 -> 2479 0 0 0 0 0 0 2477 1224 1194 1213 1194 1228 1196 1224 1196 
16:52:18:884 -> 2481 0 0 0 0 0 0 2479 1217 1194 1209 1185 1217 1191 1222 1198 
16:52:18:884 -> 2481 0 0 0 0 0 0 2479 1228 1192 1222 1199 1222 1189 1219 1191 
16:52:18:884 -> 2481 0 0 0 0 0 0 2479 1222 1198 1225 1191 1222 1198 1217 1196 
16:52:18:884 -> 2479 0 0 0 0 0 0 2477 1228 1202 1228 1198 1222 1198 1224 1198 
16:52:18:884 -> 2479 0 0 0 0 0 0 2478 1232 1207 1228 1194 1220 1206 1222 1191 
16:52:18:884 -> 2480 0 0 0 0 0 0 2479 1228 1209 1224 1194 1222 1196 1222 1202 
16:52:18:884 -> 2479 0 0 0 0 0 0 2478 1222 1206 1231 1202 1222 1204 1231 1202 
16:52:18:884 -> 2479 0 0 0 0 0 0 2479 1228 1209 1232 1202 1222 1194 1220 1204 
16:52:18:884 -> 2481 0 0 0 0 0 0 2477 1226 1196 1217 1202 1222 1202 1222 1198 
16:52:18:884 -> 2480 0 0 0 0 0 0 2477 1224 1202 1222 1198 1219 1196 1219 1198 
16:52:18:884 -> 2480 0 0 0 0 0 0 2479 1223 1198 1209 1195 1223 1204 1222 1196 
16:52:18:884 -> 2479 0 0 0 0 0 0 2479 1222 1209 1224 1198 1209 1204 1234 1206 
16:52:18:884 -> 2479 0 0 0 0 0 0 2479 1220 1206 1231 1198 1209 1198 1222 1204 
16:52:18:884 -> 2486 0 0 0 0 0 0 2479 1228 1206 1219 1199 1222 1198 1222 1204 
16:52:18:884 -> 2479 0 0 0 0 0 0 2477 1219 1202 1220 1198 1213 1196 1222 1206 
16:52:18:884 -> 2479 0 0 0 0 0 0 2479 1222 1206 1217 1196 1223 1204 1209 1198 
16:52:18:884 -> 2480 0 0 0 0 0 0 2477 1228 1170 1209 1196 1209 1202 1228 1206 
16:52:18:884 -> 2479 0 0 0 0 0 0 2479 1209 1202 1220 1202 1211 1198 1209 1198 
16:52:18:884 -> 2481 0 0 0 0 0 0 2479 1224 1204 1209 1196 1217 1196 1209 1204 
16:52:18:884 -> 2479 0 0 0 0 0 0 2479 1222 1199 1209 1194 1206 1198 1219 1204 
16:52:18:884 -> 2479 0 0 0 0 0 0 2479 1220 1209 1206 1198 1220 1198 1206 1198 
16:52:18:884 -> 2479 0 0 0 0 0 0 2477 1222 1209 1207 1204 1229 1206 1222 1204 
16:52:18:884 -> 2479 0 0 0 0 0 0 2479 1217 1202 1207 1191 1206 1206 1219 1196 
16:52:18:884 -> 2479 0 0 0 0 0 0 2479 1217 1209 1209 1198 1219 1204 1217 1204 
16:52:18:884 -> 2480 0 0 0 0 0 0 2479 1209 1202 1213 1201 1209 1202 1217 1202 
16:52:18:884 -> 2479 0 0 0 0 0 0 2477 1219 1222 1219 1198 1209 1196 1209 1204 
16:52:18:884 -> 2479 0 0 0 0 0 0 2478 1211 1202 1209 1206 1213 1195 1209 1202 
16:52:18:884 -> 2479 0 0 0 0 0 0 2477 1209 1202 1204 1196 1217 1202 1206 1198 
16:52:18:884 -> 2480 0 0 0 0 0 0 2479 1209 1196 1196 1186 1196 1196 1209 1194 
16:52:18:884 -> 2479 0 0 0 0 0 0 2477 1199 1204 1206 1194 1204 1202 1206 1202 
16:52:18:884 -> 2479 0 0 0 0 0 0 2479 1217 1198 1201 1199 1209 1202 1213 1202 
16:52:18:884 -> 2479 0 0 0 0 0 0 2479 1206 1207 1219 1199 1206 1206 1222 1206 
16:52:18:884 -> 2481 0 0 0 0 0 0 2477 1217 1202 1204 1206 1222 1217 1222 1207 
16:52:18:884 -> 2479 0 0 0 0 0 0 2477 1220 1222 1228 1209 1223 1202 1206 1206 
16:52:18:884 -> 2481 0 0 0 0 0 0 2479 1222 1207 1209 1209 1222 1209 1213 1206 
16:52:18:884 -> 2479 0 0 0 0 0 0 2477 1220 1217 1213 1204 1206 1196 1206 1196 
16:52:18:884 -> 2479 0 0 0 0 0 0 2477 1199 1191 1194 1194 1198 1198 1206 1194 
16:52:18:884 -> 2479 0 0 0 0 0 0 2478 1202 1204 1196 1191 1199 1195 1202 1198 
16:52:18:884 -> 2479 0 0 0 0 0 0 2479 1198 1199 1202 1192 1195 1206 1213 1202 
16:52:18:884 -> 2479 0 0 0 0 0 0 2477 1194 1209 1217 1194 1202 1198 1199 1206 
16:52:18:884 -> 2479 0 0 0 0 0 0 2479 1213 1196 1198 1209 1213 1198 1206 1224 
16:52:18:884 -> 2479 0 0 0 0 0 0 2475 1222 1209 1217 1229 1234 1222 1219 1209 
16:52:18:884 -> 2479 0 0 0 0 0 0 2479 1222 1232 1225 1204 1217 1231 1231 1217 
16:52:18:884 -> 2480 0 0 0 0 0 0 2478 1220 1229 1234 1233 1228 1222 1233 1234 
16:52:18:884 -> 2479 0 0 0 0 0 0 2477 1231 1224 1228 1231 1234 1229 1234 1234 
16:52:18:884 -> 2479 0 0 0 0 0 0 2477 1236 1234 1234 1234 1231 1219 1234 1242 
16:52:18:884 -> 2479 0 0 0 0 0 0 2479 1234 1224 1224 1234 1239 1219 1219 1234 
16:52:18:884 -> 2479 0 0 0 0 0 0 2478 1234 1231 1229 1232 1234 1242 1229 1222 
16:52:24:004 -> 2479 0 0 0 0 0 0 2478 1234 1248 1239 1231 1228 1224 1236 1234 
16:52:24:004 -> 2479 0 0 0 0 0 0 2478 1224 1231 1245 1239 1229 1228 1236 1231 
16:52:24:004 -> 2479 0 0 0 0 0 0 2479 1234 1241 1223 1234 1241 1224 1222 1236 
16:52:24:004 -> 2481 0 0 0 0 0 0 2479 1245 1239 1225 1232 1234 1236 1233 1231 
16:52:24:004 -> 2480 0 0 0 0 0 0 2478 1234 1243 1232 1231 1239 1242 1234 1229 
16:52:24:004 -> 2481 0 0 0 0 0 0 2479 1245 1239 1219 1231 1232 1239 1242 1228 
16:52:24:004 -> 2479 0 0 0 0 0 0 2479 1222 1242 1234 1222 1223 1251 1245 1222 
16:52:24:004 -> 2480 0 0 0 0 0 0 2479 1219 1236 1234 1234 1228 1232 1236 1236 
16:52:24:004 -> 2479 0 0 0 0 0 0 2479 1229 1241 1241 1233 1223 1232 1229 1223 
16:52:24:004 -> 2479 0 0 0 0 0 0 2479 1231 1237 1229 1234 1225 1222 1229 1241 
16:52:24:004 -> 2479 0 0 0 0 0 0 2477 1231 1229 1223 1232 1234 1233 1231 1234 
16:52:24:004 -> 2489 0 0 0 0 0 0 2477 1232 1236 1229 1234 1228 1219 1209 1229 
16:52:24:004 -> 2479 0 0 0 0 0 0 2479 1229 1234 1209 1224 1223 1234 1225 1228 
16:52:24:004 -> 2480 0 0 0 0 0 0 2478 1220 1234 1224 1206 1209 1231 1217 1209 
16:52:24:004 -> 2479 0 0 0 0 0 0 2479 1222 1231 1217 1220 1206 1217 1223 1233 
16:52:24:004 -> 2479 0 0 0 0 0 0 2503 1209 1217 1213 1229 1220 1219 1213 1231 
16:52:24:004 -> 2481 0 0 0 0 0 0 2477 1229 1209 1198 1217 1220 1222 1222 1228 
16:52:24:004 -> 2479 0 0 0 0 0 0 2479 1222 1228 1206 1222 1220 1223 1209 1224 
16:52:24:004 -> 2479 0 0 0 0 0 0 2479 1228 1239 1220 1209 1211 1219 1206 1222 
16:52:24:004 -> 2479 0 0 0 0 0 0 2479 1213 1228 1217 1231 1213 1222 1222 1222 
16:52:24:004 -> 2479 0 0 0 0 0 0 2477 1213 1222 1209 1217 1204 1228 1222 1222 
16:52:24:004 -> 2480 0 0 0 0 0 0 2479 1217 1229 1219 1229 1209 1222 1220 1226 
16:52:24:004 -> 2480 0 0 0 0 0 0 2477 1213 1222 1209 1223 1211 1222 1209 1236 
16:52:24:004 -> 2479 0 0 0 0 0 0 2478 1229 1232 1211 1219 1209 1224 1217 1224 
16:52:24:004 -> 2479 0 0 0 0 0 0 2478 1219 1229 1209 1222 1209 1222 1209 1222 
16:52:24:004 -> 2479 0 0 0 0 0 0 2478 1213 1229 1209 1222 1209 1224 1217 1228 
16:52:24:004 -> 2479 0 0 0 0 0 0 2479 1219 1229 1209 1222 1209 1226 1219 1234 
16:52:24:004 -> 2479 0 0 0 0 0 0 2479 1222 1231 1217 1228 1219 1226 1219 1222 
16:52:24:004 -> 2479 0 0 0 0 0 0 2478 1209 1232 1219 1220 1206 1228 1217 1224 
16:52:24:004 -> 2480 0 0 0 0 0 0 2479 1222 1234 1217 1228 1211 1236 1223 1222 
16:52:24:004 -> 2481 0 0 0 0 0 0 2479 1217 1231 1209 1224 1206 1220 1222 1232 
16:52:24:004 -> 2479 0 0 0 0 0 0 2477 1222 1231 1209 1234 1219 1224 1211 1229 
16:52:24:004 -> 2479 0 0 0 0 0 0 2479 1219 1234 1207 1229 1219 1228 1211 1226 
16:52:24:004 -> 2481 0 0 0 0 0 0 2479 1219 1229 1206 1228 1219 1228 1219 1234 
16:52:24:004 -> 2481 0 0 0 0 0 0 2479 1220 1231 1217 1228 1219 1234 1219 1224 
16:52:24:004 -> 2479 0 0 0 0 0 0 2477 1219 1236 1217 1231 1219 1257 1226 1229 
16:52:24:004 -> 2479 0 0 0 0 0 0 2477 1213 1248 1228 1229 1209 1234 1231 1222 
16:52:24:004 -> 2478 0 0 0 0 0 0 2477 1217 1236 1223 1231 1207 1209 1211 1248 
16:52:24:004 -> 2480 0 0 0 0 0 0 2479 1219 1209 1202 1236 1224 1228 1206 1229 
16:52:24:004 -> 2480 0 0 0 0 0 0 2479 1228 1243 1211 1217 1213 1234 1222 1228 
16:52:24:004 -> 2480 0 0 0 0 0 0 2479 1209 1241 1222 1233 1219 1228 1209 1222 
16:52:24:004 -> 2479 0 0 0 0 0 0 2479 1219 1239 1206 1222 1220 1231 1206 1224 
16:52:24:004 -> 2479 0 0 0 0 0 0 2479 1209 1229 1209 1222 1204 1228 1251 1266 
16:52:24:004 -> 2477 0 0 0 0 0 0 2479 1209 1226 1211 1232 1222 1220 1202 1228 
16:52:24:004 -> 2480 0 0 0 0 0 0 2479 1222 1236 1211 1219 1199 1224 1217 1213 
16:52:24:004 -> 2480 0 0 0 0 0 0 2479 1206 1234 1207 1222 1209 1220 1204 1231 
16:52:24:004 -> 2479 0 0 0 0 0 0 2477 1219 1224 1204 1228 1209 1229 1209 1228 
16:52:24:004 -> 2481 0 0 0 0 0 0 2479 1222 1234 1206 1228 1209 1224 1206 1229 
16:52:24:004 -> 2479 0 0 0 0 0 0 2479 1217 1219 1198 1219 1209 1236 1209 1204 
16:52:24:004 -> 2481 0 0 0 0 0 0 2479 1204 1248 1219 1202 1196 1236 1228 1222 
16:52:24:004 -> 2481 0 0 0 0 0 0 2479 1194 1223 1206 1222 1198 1222 1224 1236 
16:52:24:004 -> 2480 0 0 0 0 0 0 2479 1204 1209 1209 1239 1206 1202 1198 1232 
16:52:24:004 -> 2482 0 0 0 0 0 0 2478 1206 1206 1194 1228 1209 1219 1198 1228 
16:52:24:004 -> 2479 0 0 0 0 0 0 2479 1217 1229 1198 1217 1204 1222 1202 1222 
16:52:24:004 -> 2480 0 0 0 0 0 0 2479 1209 1229 1202 1207 1198 1222 1207 1228 
16:52:24:004 -> 2480 0 0 0 0 0 0 2479 1219 1234 1196 1206 1209 1209 1188 1228 
16:52:24:004 -> 2479 0 0 0 0 0 0 2479 1209 1222 1202 1206 1194 1229 1211 1206 
16:52:24:004 -> 2479 0 0 0 0 0 0 2479 1186 1231 1206 1204 1191 1219 1204 1222 
16:52:24:004 -> 2481 0 0 0 0 0 0 2477 1204 1222 1202 1224 1206 1219 1191 1222 
16:52:24:004 -> 2481 0 0 0 0 0 0 2478 1222 1213 1183 1213 1198 1222 1204 1204 
16:52:24:004 -> 2479 0 0 0 0 0 0 2479 1195 1232 1195 1195 1195 1229 1204 1206 
16:52:24:004 -> 2479 0 0 0 0 0 0 2478 1198 1224 1209 1220 1186 1217 1211 1217 
16:52:24:004 -> 2479 0 0 0 0 0 0 2479 1185 1217 1206 1209 1183 1209 1198 1220 
16:52:24:004 -> 2479 0 0 0 0 0 0 2477 1199 1204 1191 1234 1209 1194 1184 1222 
16:52:29:131 -> 2479 0 0 0 0 0 0 2479 1202 1211 1194 1217 1196 1194 1178 1209 
16:52:29:131 -> 2481 0 0 0 0 0 0 2479 1206 1222 1198 1219 1194 1196 1198 1229 
16:52:29:131 -> 2480 0 0 0 0 0 0 2479 1198 1206 1184 1192 1194 1234 1196 1196 
16:52:29:131 -> 2480 0 0 0 0 0 0 2479 1191 1209 1194 1222 1199 1204 1191 1217 
16:52:29:131 -> 2481 0 0 0 0 0 0 2479 1198 1206 1186 1206 1198 1209 1186 1206 
16:52:29:131 -> 2480 0 0 0 0 0 0 2477 1206 1222 1191 1206 1194 1219 1194 1206 
16:52:29:131 -> 2480 0 0 0 0 0 0 2479 1204 1229 1199 1204 1186 1204 1191 1224 
16:52:29:131 -> 2479 0 0 0 0 0 0 2479 1202 1199 1186 1209 1196 1206 1196 1211 
16:52:29:131 -> 2479 0 0 0 0 0 0 2479 1194 1209 1185 1209 1198 1206 1191 1209 
16:52:29:131 -> 2479 0 0 0 0 0 0 2479 1194 1209 1196 1209 1198 1213 1191 1209 
16:52:29:131 -> 2481 0 0 0 0 0 0 2479 1202 1213 1186 1206 1202 1222 1194 1204 
16:52:29:131 -> 2479 0 0 0 0 0 0 2479 1195 1223 1199 1209 1194 1219 1198 1213 
16:52:29:131 -> 2480 0 0 0 0 0 0 2479 1198 1213 1194 1209 1198 1228 1199 1219 
16:52:29:131 -> 2481 0 0 0 0 0 0 2479 1204 1222 1204 1199 1183 1226 1206 1199 
16:52:29:131 -> 2479 0 0 0 0 0 0 2479 1194 1229 1198 1204 1185 1206 1204 1222 
16:52:29:131 -> 2481 0 0 0 0 0 0 2480 1185 1204 1198 1222 1194 1198 1191 1219 
16:52:29:131 -> 2481 0 0 0 0 0 0 2479 1196 1207 1191 1222 1196 1207 1198 1209 
16:52:29:131 -> 2479 0 0 0 0 0 0 2479 1191 1209 1204 1204 1172 1199 1199 1209 
16:52:29:131 -> 2479 0 0 0 0 0 0 2479 1188 1195 1185 1228 1199 1185 1183 1234 
16:52:29:131 -> 2480 0 0 0 0 0 0 2479 1213 1204 1173 1204 1204 1217 1185 1206 
16:52:29:131 -> 2479 0 0 0 0 0 0 2478 1206 1232 1194 1204 1185 1231 1209 1191 
16:52:29:131 -> 2481 0 0 0 0 0 0 2479 1185 1231 1206 1213 1192 1198 1196 1234 
16:52:29:131 -> 2480 0 0 0 0 0 0 2479 1198 1199 1194 1229 1198 1202 1191 1222 
16:52:29:131 -> 2481 0 0 0 0 0 0 2479 1202 1209 1185 1209 1204 1206 1191 1204 
16:52:29:131 -> 2481 0 0 0 0 0 0 2479 1194 1204 1175 1194 1178 1194 1185 1204 
16:52:29:131 -> 2480 0 0 0 0 0 0 2478 1183 1202 1186 1195 1173 1202 1196 1202 
16:52:29:131 -> 2479 0 0 0 0 0 0 2479 1178 1191 1170 1194 1183 1195 1183 1206 
16:52:29:131 -> 2479 0 0 0 0 0 0 2477 1194 1199 1183 1204 1189 1206 1198 1207 
16:52:29:131 -> 2479 0 0 0 0 0 0 2479 1194 1209 1191 1222 1199 1206 1199 1222 
16:52:29:131 -> 2479 0 0 0 0 0 0 2479 1204 1224 1196 1213 1206 1241 1213 1209 
16:52:29:131 -> 2479 0 0 0 0 0 0 2479 1206 1234 1204 1206 1198 1229 1202 1224 
16:52:29:131 -> 2479 0 0 0 0 0 0 2479 1207 1231 1204 1228 1204 1217 1206 1234 
16:52:29:131 -> 2479 0 0 0 0 0 0 2479 1213 1225 1196 1217 1206 1234 1204 1217 
16:52:29:131 -> 2479 0 0 0 0 0 0 2479 1204 1241 1209 1219 1204 1228 1199 1209 
16:52:29:131 -> 2479 0 0 0 0 0 0 2479 1206 1220 1178 1204 1206 1229 1194 1199 
16:52:29:131 -> 2479 0 0 0 0 0 0 2479 1198 1236 1198 1194 1194 1231 1209 1213 
16:52:29:131 -> 2481 0 0 0 0 0 0 2480 1191 1222 1217 1229 1198 1219 1206 1236 
16:52:29:131 -> 2479 0 0 0 0 0 0 2479 1209 1229 1204 1233 1219 1207 1204 1234 
16:52:29:131 -> 2479 0 0 0 0 0 0 2479 1209 1224 1199 1222 1204 1229 1213 1223 
16:52:29:131 -> 2479 0 0 0 0 0 0 2478 1206 1231 1209 1225 1204 1222 1204 1228 
16:52:29:131 -> 2480 0 0 0 0 0 0 2479 1206 1219 1191 1217 1209 1241 1209 1204 
16:52:29:131 -> 2479 0 0 0 0 0 0 2479 1196 1242 1204 1199 1191 1231 1222 1222 
16:52:29:131 -> 2480 0 0 0 0 0 0 2479 1192 1202 1204 1232 1199 1206 1198 1222 
16:52:29:131 -> 2479 0 0 0 0 0 0 2479 1204 1222 1191 1206 1191 1206 1191 1206 
16:52:29:131 -> 2479 0 0 0 0 0 0 2479 1194 1209 1186 1198 1183 1213 1198 1217 
16:52:29:131 -> 2479 0 0 0 0 0 0 2479 1191 1198 1172 1191 1198 1206 1179 1204 
16:52:29:131 -> 2480 0 0 0 0 0 0 2479 1194 1219 1194 1196 1182 1222 1206 1213 
16:52:29:131 -> 2481 0 0 0 0 0 0 2479 1194 1222 1199 1226 1204 1219 1204 1242 
16:52:29:131 -> 2479 0 0 0 0 0 0 2478 1228 1228 1204 1220 1206 1234 1209 1226 
16:52:29:131 -> 2479 0 0 0 0 0 0 2479 1207 1234 1219 1239 1209 1224 1219 1242 
16:52:29:131 -> 2479 0 0 0 0 0 0 2479 1222 1234 1202 1231 1219 1232 1209 1231 
16:52:29:131 -> 2479 0 0 0 0 0 0 2479 1222 1246 1219 1224 1206 1231 1217 1231 
16:52:29:131 -> 2479 0 0 0 0 0 0 2479 1204 1222 1202 1222 1207 1231 1209 1229 
16:52:29:131 -> 2480 0 0 0 0 0 0 2479 1206 1232 1209 1228 1204 1224 1209 1231 
16:52:29:131 -> 2479 0 0 0 0 0 0 2479 1204 1213 1192 1204 1185 1209 1202 1234 
16:52:29:131 -> 2479 0 0 0 0 0 0 2478 1213 1219 1194 1234 1219 1209 1191 1222 
16:52:29:131 -> 2479 0 0 0 0 0 0 2479 1206 1220 1196 1219 1198 1209 1195 1226 
16:52:29:131 -> 2479 0 0 0 0 0 0 2477 1206 1229 1199 1217 1206 1222 1202 1222 
16:52:29:131 -> 2479 0 0 0 0 0 0 2479 1199 1217 1194 1217 1206 1228 1198 1217 
16:52:29:131 -> 2479 0 0 0 0 0 0 2479 1219 1236 1196 1209 1206 1229 1206 1224 
16:52:29:131 -> 2479 0 0 0 0 0 0 2478 1206 1229 1202 1217 1198 1222 1204 1217 
16:52:29:131 -> 2479 0 0 0 0 0 0 2478 1201 1234 1209 1222 1198 1222 1207 1219 
16:52:29:131 -> 2478 0 0 0 0 0 0 2479 1194 1206 1191 1217 1198 1207 1186 1213 
16:52:29:131 -> 2480 0 0 0 0 0 0 2479 1198 1202 1178 1222 1206 1202 1183 1219 
